hcal barrel (sides, rmin1 (vertex), rmax1, rmin2, rmax2, length, offset, R, G, B, render queue)
12 2.24 3.24 2.24 3.24 4.975 0.5225 9 130 250 0
hcal endcap p
12 0.2 3.24 0.2 3.24 1 3.51 9 130 250 0
hcal endcap n
12 0.3 3.24 0.3 3.24 0.75 -2.34 9 130 250 0
solenoid
12 1.6 2.24 1.6 2.24 3.84 0.01 127 127 127 1
ecal barrel
12 0.955 1.34772 0.955 1.34772 3.14772 -0.23636 146 208 80 2
ecal endcap p
100 0.2 2.220836 0.2 2.220836 0.48 2.77 146 208 80 2
ecal endcap n
12 0.3 0.955 0.3 0.955 0.41 -1.76 146 208 80 2
tracker
100 0.03 0.78 0.03 0.78 2.6 0 255 196 47 3