Layer (sides, rmin1 (vertex), rmax1, rmin2, rmax2, lengthOut, lengthIn, offset, offsetIn, angle (deg), R, G, B)
4 0 .692965 0 .692965 .28125 .28125 .140625 0 0 150 150 255
layer
4 0 .692965 0 .692965 .28125 .28125 .421875 0 0 150 150 255
layer
4 0 .692965 0 .692965 .28125 .28125 .703125 0 0 150 150 255
layer
4 0 .692965 0 .692965 .28125 .28125 .984375 0 0 150 150 255
layer
4 0 .692965 0 .692965 .28125 .28125 1.265625 0 0 150 150 255
layer
4 0 .692965 0 .692965 .28125 .28125 1.546875 0 0 150 150 255
layer
4 0 .692965 0 .692965 .28125 .28125 1.828125 0 0 150 150 255
layer
4 0 .692965 0 .692965 .28125 .28125 2.109375 0 0 150 150 255
layer
4 0 .692965 0 .692965 .28125 .28125 2.390625 0 0 150 150 255
layer
4 0 .692965 0 .692965 .28125 .28125 2.671875 0 0 150 150 255
layer
4 0 .692965 0 .692965 .28125 .28125 2.953125 0 0 150 150 255
layer
4 0 .692965 0 .692965 .28125 .28125 3.234375 0 0 150 150 255
layer
4 0 .692965 0 .692965 .28125 .28125 3.515625 0 0 150 150 255
layer
4 0 .692965 0 .692965 .28125 .28125 3.796875 0 0 150 150 255
layer
4 0 .692965 0 .692965 .28125 .28125 4.078125 0 0 150 150 255
layer
4 0 .692965 0 .692965 .28125 .28125 4.359375 0 0 150 150 255
layer
4 0 .692965 0 .692965 .2 .2 4.6 0 0 150 150 255