
Event
Hits
779.4580078125 0.216103271484375 -0.1628406982421875 0.15374000549316405 0.0
789.406005859375 0.21438905334472655 -0.16504197692871095 0.1545 0.0
767.0440063476562 0.20563986206054688 -0.17627714538574218 0.1406000061035156 0.0
791.9879760742188 0.2139466857910156 -0.16561004638671875 0.15367999267578125 0.0
789.9229736328125 0.21619541931152345 -0.16272235107421876 0.15360000610351562 0.0
775.0869750976562 0.2190533447265625 -0.16199470520019532 0.15930999755859376 0.0
781.343017578125 0.19625912475585938 -0.1773956298828125 -0.649864990234375 0.0
7.935999870300293 0.24473516845703125 -0.13883840942382814 -1.149864990234375 0.0
-0.39800000190734863 0.013210000038146973 0.3728460693359375 -1.149864990234375 0.0
-5.333000183105469 -0.12289265441894531 0.16965361022949219 -1.149864990234375 0.0
0.17299999296665192 -0.06363910293579102 0.0976661605834961 -0.649864990234375 0.0
8.008999824523926 0.07063540649414063 -0.07064520263671875 -0.649864990234375 0.0
18.042999267578125 0.03972678756713867 -0.07114881896972657 -0.899864990234375 0.0
-13.08899974822998 -0.01365999984741211 0.2819300842285156 -0.899864990234375 0.0
0.9490000009536743 0.050808761596679686 -0.09234336090087891 -1.149864990234375 0.0
3.615999937057495 0.03971312713623047 -0.07114515686035157 -0.899864990234375 0.0
3.933000087738037 0.023696163177490234 0.08349539947509765 0.999864990234375 0.0
6.133999824523926 -0.011704063415527344 0.12281299591064453 1.349864990234375 0.0
789.655029296875 0.216996337890625 -0.1281234588623047 -1.149864990234375 0.0
-3.431999921798706 -0.005559999942779541 0.09083457946777344 0.999864990234375 0.0
-1.2039999961853027 -0.0019700000286102296 0.06285957717895507 0.699864990234375 0.0
8.277999877929688 -0.011984858512878418 -0.08651274871826171 1.349864990234375 0.0
4.468999862670898 -0.005322885513305664 -0.04636972808837891 0.699864990234375 0.0
3.7090001106262207 -0.04135877227783203 0.06771549224853515 -0.449864990234375 0.0
-8.946999549865723 -0.019896883010864258 0.03714241027832031 -0.24986500549316407 0.0
1.3389999866485596 0.05221157836914062 0.10225310516357422 1.349864990234375 0.0
-6.956999778747559 -0.1822076416015625 -0.09294625854492188 1.349864990234375 0.0
6.360000133514404 0.05343387222290039 -0.07751018524169923 -0.449864990234375 0.0
772.7169799804688 0.19801351928710936 -0.15486129760742187 -0.899864990234375 0.0
10.04800033569336 0.019128419876098632 -0.03331139373779297 -0.449864990234375 0.0
780.2080078125 0.18619017028808593 -0.1961922607421875 0.449864990234375 0.0
-1.281000018119812 0.02837575149536133 -0.05004824447631836 -0.649864990234375 0.0
4.51200008392334 -0.02609640884399414 0.0810554656982422 0.449864990234375 0.0
11.9399995803833 0.10364444732666016 -0.10639012145996093 -0.649864990234375 0.0
14.607999801635742 0.0006700000166893006 0.03897272491455078 0.449864990234375 0.0
13.277000427246094 -0.00020000000298023223 0.039252723693847656 0.449864990234375 0.0
-0.48500001430511475 -0.016372526168823242 0.04828704452514648 0.24986500549316407 0.0
14.069999694824219 0.008806055068969726 -0.04078517532348633 -0.24986500549316407 0.0
13.487000465393066 -0.018897329330444336 0.04309009552001953 -0.24986500549316407 0.0
770.718994140625 0.28767550659179686 -0.1602005615234375 0.999864990234375 0.0
773.6820068359375 0.2618253173828125 -0.256118408203125 0.699864990234375 0.0
-7.550000190734863 0.007457850456237793 0.060838813781738284 0.699864990234375 0.0
1.4589999914169312 -0.06393123245239257 -0.03521330261230469 0.449864990234375 0.0
8.33899974822998 -0.23355398559570312 0.08292090606689453 1.349864990234375 0.0
7.684000015258789 -0.09651503753662109 -0.05197020721435547 0.699864990234375 0.0
6.331999778747559 -0.03680325317382813 0.12248912048339844 0.699864990234375 0.0
-4.355999946594238 -0.09265827178955079 0.1341888427734375 -0.899864990234375 0.0
-4.474999904632568 -0.04754373550415039 0.1729327850341797 0.999864990234375 0.0
-2.4579999446868896 0.061215221405029295 0.09386787414550782 1.349864990234375 0.0
15.02299976348877 -0.008178788185119629 -0.06486986541748047 0.999864990234375 0.0
3.0399999618530273 -0.05716140365600586 0.2329019012451172 1.349864990234375 0.0
10.182999610900879 0.0706387710571289 -0.07064306640625 -0.649864990234375 0.0
10.526000022888184 -0.027608665466308593 0.11591960906982422 -0.449864990234375 0.0
12.468999862670898 -0.14622630310058593 -0.19825497436523437 0.999864990234375 0.0
782.1209716796875 0.21962005615234376 -0.22728926086425782 -0.449864990234375 0.0
10.812999725341797 -0.045933170318603514 0.03697601699829101 0.999864990234375 0.0
4.052999973297119 0.039824108123779296 -0.07127738189697265 -0.899864990234375 0.0
16.381999969482422 -0.03807109069824219 -0.021368364334106445 0.24986500549316407 0.0
16.041000366210938 -0.1352894744873047 -0.22812823486328124 1.349864990234375 0.0
7.209000110626221 0.14178878784179688 0.08038377380371094 0.999864990234375 0.0
-9.581999778747559 -0.13592396545410157 -0.07128195190429687 0.999864990234375 0.0
771.2260131835938 0.18269912719726564 -0.10931499481201172 1.349864990234375 0.0
-7.644999980926514 0.17210935974121094 -0.12983551025390624 -0.899864990234375 0.0
-14.515000343322754 -0.026940597534179687 0.18964385986328125 -0.649864990234375 0.0
9.53600025177002 0.4205595703125 -0.027 1.349864990234375 0.0
13.107000350952148 0.6298909912109375 0.04752115631103516 1.12 0.0
4.86899995803833 0.4504838562011719 -0.4539602661132813 1.18 0.0
13.229000091552734 0.6378685913085937 0.05211243057250976 1.11 0.0
5.000999927520752 0.4427208557128906 -0.44922872924804685 1.19 0.0
4.885000228881836 0.4426746826171875 -0.44931744384765626 1.19 0.0
4.9770002365112305 0.441104736328125 -0.45233328247070315 1.19 0.0
4.9730000495910645 0.442489990234375 -0.4496722412109375 1.19 0.0
2745.306884765625 0.5060941162109375 -0.39060903930664065 -0.48 0.0
3944.1650390625 0.28367987060546873 -0.5650305786132812 1.02 0.0
7.339000225067139 0.12915867614746093 -0.6183994140625 1.13 0.0
7.434999942779541 0.14184097290039063 -0.62120361328125 1.14 0.0
3944.158935546875 0.28254849243164065 -0.5661619873046875 1.01 0.0
7632.1171875 -0.6128193359375 -0.1710961151123047 1.2 0.0
40.262001037597656 0.21027839660644532 -0.5950936889648437 1.2 0.0
8.291000366210938 0.53601123046875 0.33364584350585935 1.12 0.0
8.380000114440918 0.542685546875 0.3400287170410156 1.12 0.0
6.630000114440918 -0.0255 0.1799375 1.924949951171875 0.0
8.508000373840332 0.31379998779296875 -0.3709375 1.914949951171875 0.0
6.629000186920166 -0.06640000152587891 0.3285625 1.914949951171875 0.0
3945.589111328125 -0.027 -0.3709375 1.915050048828125 0.0
6.664000034332275 -0.257 -0.1166875 1.914949951171875 0.0
3945.75390625 -0.04670000076293945 -0.4133125 1.925050048828125 0.0
8.85200023651123 -0.5629000244140625 0.0951875 1.925050048828125 0.0
8.531000137329102 0.1265 -0.0743125 1.9251500244140625 0.0
6.629000186920166 0.11469999694824219 0.1166875 1.925050048828125 0.0
3945.618896484375 -0.026700000762939453 -0.3709375 1.914949951171875 0.0
6.685999870300293 -0.258 -0.1375625 1.924949951171875 0.0
6.705999851226807 -0.06690000152587891 0.3285625 1.914949951171875 0.0
6.914000034332275 -0.0696999969482422 -0.2014375 1.914949951171875 0.0
6.668000221252441 -0.25760000610351563 -0.1375625 1.924949951171875 0.0
6.5960001945495605 -0.019100000381469726 -0.1166875 1.914949951171875 0.0
-1.9450000524520874 0.4738465270996094 0.27856045532226564 1.1005450439453126 0.0
21.98200035095215 -0.015032821655273438 -0.5495647583007812 1.089113525390625 0.0
5.107999801635742 -0.017108779907226562 -0.5494627685546875 1.0885938720703126 0.0
12.270000457763672 -0.01 -0.21 3.615949951171875 0.0007583526312373579
12.350000381469727 -0.01 -0.21 3.63935009765625 0.0004158708034083247
12.430000305175781 -0.01 -0.21 3.66275 0.0007705841562710702
12.5 -0.01 -0.21 3.68614990234375 0.0009662880329415202
12.59000015258789 -0.01 -0.24 3.709550048828125 0.0004158708034083247
12.670000076293945 -0.01 -0.24 3.732949951171875 0.0002629771188367158
12.760000228881836 -0.01 -0.24 3.75635009765625 0.0034676287323236465
24.81999969482422 0.08 0.15 4.4115498046875 0.00042198653682135046
12.819999694824219 -0.04 -0.24 3.75635009765625 0.0002629771188367158
20.309999465942383 0.14 -0.18 3.826550048828125 0.0003730605822056532
32.060001373291016 -0.1 0.21 4.15414990234375 0.0005993432132527232
32.06999969482422 -0.1 0.18 4.15414990234375 0.0009479408035986125
12.329999923706055 -0.04 -0.27 3.615949951171875 0.0003730605822056532
13.279999732971191 0.8474500122070312 0.8134500122070313 3.511 0.299072265625
13.4399995803833 0.872375 0.8380999755859375 3.511 0.103759765625
13.420000076293945 0.872375 0.8134500122070313 3.511 0.115966796875
13.359999656677246 0.8474500122070312 0.8380999755859375 3.511 0.042724609375
13.670000076293945 0.8972999877929687 0.8874000244140625 3.511 0.10986328125
15.960000038146973 0.9720750122070313 0.6655499877929687 3.511 0.048828125
15.399999618530273 0.8225250244140625 0.5422999877929687 3.511 0.042724609375
11.789999961853027 -0.0747750015258789 0.61625 3.511 0.628662109375
11.890000343322754 -0.0747750015258789 0.6409000244140625 3.511 0.164794921875
12.0 -0.049849998474121096 0.6655499877929687 3.511 0.054931640625
11.989999771118164 -0.09969999694824219 0.61625 3.511 0.054931640625
11.869999885559082 -0.049849998474121096 0.5915999755859375 3.511 0.140380859375
11.779999732971191 -0.049849998474121096 0.61625 3.511 1.275634765625
11.890000343322754 -0.024924999237060548 0.61625 3.511 0.13427734375
11.960000038146973 -0.09969999694824219 0.6409000244140625 3.511 0.054931640625
11.850000381469727 -0.049849998474121096 0.6409000244140625 3.511 0.384521484375
11.989999771118164 -0.024924999237060548 0.5915999755859375 3.511 0.201416015625
12.100000381469727 -0.09969999694824219 0.6655499877929687 3.511 0.048828125
12.0 -0.0747750015258789 0.6655499877929687 3.511 0.067138671875
12.270000457763672 -0.09969999694824219 0.6902000122070312 3.511 0.042724609375
12.079999923706055 0.0 0.61625 3.511 0.1708984375
11.920000076293945 -0.024924999237060548 -0.7887999877929688 3.511 1.446533203125
11.970000267028809 -0.049849998474121096 -0.7887999877929688 3.511 0.146484375
12.039999961853027 -0.024924999237060548 -0.8134500122070313 3.511 0.067138671875
11.970000267028809 -0.024924999237060548 -0.7641500244140625 3.511 0.067138671875
11.8100004196167 0.0 0.6655499877929687 3.511 0.03662109375
17.190000534057617 -1.5453499755859375 -0.0985999984741211 3.511 0.079345703125
12.539999961853027 -0.09969999694824219 1.35575 3.511 0.238037109375
12.609999656677246 -0.124625 1.35575 3.511 0.03662109375
23.40999984741211 1.345949951171875 0.27114999389648436 3.511 0.03662109375
12.369999885559082 0.0747750015258789 -0.9120499877929688 3.511 0.28076171875
12.40999984741211 0.0747750015258789 -0.9367000122070313 3.511 0.23193359375
11.859999656677246 -0.22432499694824218 -0.3943999938964844 3.511 0.28076171875
12.829999923706055 0.124625 -0.6902000122070312 3.511 0.103759765625
13.140000343322754 0.124625 -0.7148499755859375 3.511 0.115966796875
11.739999771118164 -0.44864999389648436 -0.22185000610351563 3.511 1.373291015625
11.829999923706055 -0.47357501220703124 -0.22185000610351563 3.511 0.25634765625
11.979999542236328 -0.44864999389648436 -0.2465 3.511 0.29296875
12.0600004196167 -0.4237250061035156 -0.2465 3.511 0.10986328125
11.850000381469727 -0.4237250061035156 -0.22185000610351563 3.511 0.0732421875
11.800000190734863 -0.44864999389648436 -0.1971999969482422 3.511 0.42724609375
12.600000381469727 -0.4985 -0.2465 3.511 0.048828125
11.899999618530273 -0.47357501220703124 -0.1725500030517578 3.511 0.09765625
12.079999923706055 -0.4985 -0.1971999969482422 3.511 0.06103515625
12.140000343322754 -0.4985 -0.22185000610351563 3.511 0.10986328125
12.350000381469727 -0.5234249877929688 -0.22185000610351563 3.511 0.03662109375
11.84000015258789 -0.47357501220703124 -0.1971999969482422 3.511 0.067138671875
11.880000114440918 -0.44864999389648436 -0.1725500030517578 3.511 0.0732421875
11.890000343322754 -0.47357501220703124 -0.2465 3.511 0.03662109375
12.0 -0.47357501220703124 -0.27114999389648436 3.511 0.103759765625
11.859999656677246 -0.4237250061035156 -0.1971999969482422 3.511 0.13427734375
12.460000038146973 -0.44864999389648436 -0.12325 3.511 0.042724609375
12.510000228881836 -0.5234249877929688 -0.2465 3.511 0.091552734375
13.149999618530273 -0.5483499755859375 -0.27114999389648436 3.511 0.054931640625
12.569999694824219 -0.5483499755859375 -0.2465 3.511 0.1220703125
12.90999984741211 -0.47357501220703124 -0.0985999984741211 3.511 0.03662109375
13.039999961853027 -0.47357501220703124 -0.07394999694824218 3.511 0.048828125
12.8100004196167 -0.4985 -0.41904998779296876 3.511 0.048828125
13.800000190734863 -0.5234249877929688 -0.5669500122070312 3.511 0.06103515625
11.680000305175781 -0.0747750015258789 0.29579998779296873 3.511 0.115966796875
11.760000228881836 -0.049849998474121096 0.29579998779296873 3.511 0.03662109375
11.710000038146973 -0.0747750015258789 0.32045001220703123 3.511 0.067138671875
11.670000076293945 0.2991000061035156 0.1971999969482422 3.511 0.146484375
11.699999809265137 0.2741749877929687 0.1971999969482422 3.511 0.03662109375
11.699999809265137 0.2991000061035156 0.1725500030517578 3.511 0.146484375
12.010000228881836 0.74775 -0.0985999984741211 3.511 0.03662109375
11.680000305175781 0.024924999237060548 -0.41904998779296876 3.511 0.96435546875
11.739999771118164 0.049849998474121096 -0.41904998779296876 3.511 0.103759765625
11.829999923706055 0.0 -0.41904998779296876 3.511 0.06103515625
5.679999828338623 0.082 -0.1435 -1.8400250244140626 7.102828502655029
5.989999771118164 0.123 -0.1845 -1.8400250244140626 0.01100834459066391
5.960000038146973 0.1025 -0.1845 -1.8400250244140626 0.04036393016576767
5.840000152587891 0.1025 -0.164 -1.8400250244140626 0.21772059798240662
5.769999980926514 0.0615 -0.1435 -1.8400250244140626 0.44400325417518616
5.840000152587891 0.0615 -0.123 -1.8400250244140626 0.06238061934709549
5.880000114440918 0.041 -0.1435 -1.8400250244140626 0.03180188685655594
5.769999980926514 0.0615 -0.164 -1.8400250244140626 0.21527430415153503
5.960000038146973 0.041 -0.164 -1.8400250244140626 0.04403337836265564
5.960000038146973 0.041 -0.123 -1.8400250244140626 0.02201668918132782
5.800000190734863 0.082 -0.164 -1.8400250244140626 1.59621000289917
5.820000171661377 0.1025 -0.1435 -1.8400250244140626 0.23484468460083008
6.039999961853027 0.041 -0.1845 -1.8400250244140626 0.02690928801894188
6.039999961853027 0.0205 -0.1845 -1.8400250244140626 0.00978519581258297
5.940000057220459 0.0615 -0.1025 -1.8400250244140626 0.02568613737821579
5.889999866485596 0.0615 -0.1845 -1.8400250244140626 0.03424818441271782
6.010000228881836 0.0205 -0.164 -1.8400250244140626 0.01957039162516594
5.940000057220459 0.123 -0.164 -1.8400250244140626 0.01957039162516594
5.710000038146973 0.082 -0.123 -1.8400250244140626 0.11375289410352707
5.909999847412109 0.082 -0.1845 -1.8400250244140626 0.11619919538497925
6.079999923706055 0.0615 -0.205 -1.8400250244140626 0.02323983982205391
6.090000152587891 0.164 -0.1435 -1.8400250244140626 0.00978519581258297
6.090000152587891 0.164 -0.123 -1.8400250244140626 0.008562046103179455
6.03000020980835 0.041 -0.1025 -1.8400250244140626 0.01834724098443985
6.170000076293945 0.0205 -0.1435 -1.8400250244140626 0.01467779278755188
6.119999885559082 0.1435 -0.164 -1.8400250244140626 0.01590094342827797
6.110000133514404 0.0205 -0.1025 -1.8400250244140626 0.00978519581258297
5.980000019073486 0.082 -0.205 -1.8400250244140626 0.03547133505344391
5.940000057220459 0.123 -0.1435 -1.8400250244140626 0.03302503377199173
6.090000152587891 0.1435 -0.123 -1.8400250244140626 0.00978519581258297
5.920000076293945 0.082 -0.1025 -1.8400250244140626 0.01100834459066391
5.96999979019165 0.1025 -0.1025 -1.8400250244140626 0.01712409220635891
5.699999809265137 0.1025 -0.123 -1.8400250244140626 0.05871117115020752
6.230000019073486 -0.2665 0.2665 -1.8400250244140626 0.12843069434165955
5.980000019073486 0.123 -0.123 -1.8400250244140626 0.01957039162516594
6.179999828338623 0.1435 -0.1435 -1.8400250244140626 0.01345464400947094
6.269999980926514 0.082 -0.246 -1.8400250244140626 0.008562046103179455
5.78000020980835 -0.205 0.246 -1.8400250244140626 0.17980296909809113
5.940000057220459 -0.205 0.2665 -1.8400250244140626 0.5063838362693787
6.059999942779541 -0.2255 0.246 -1.8400250244140626 0.05381857603788376
6.130000114440918 -0.246 0.246 -1.8400250244140626 0.06482692062854767
6.130000114440918 -0.246 0.2665 -1.8400250244140626 0.47213566303253174
6.019999980926514 -0.2255 0.2665 -1.8400250244140626 0.5981200933456421
6.170000076293945 -0.205 0.287 -1.8400250244140626 0.17980296909809113
6.170000076293945 -0.2255 0.287 -1.8400250244140626 0.012231494300067425
6.269999980926514 -0.2665 0.287 -1.8400250244140626 0.02935558557510376
6.239999771118164 -0.2665 0.246 -1.8400250244140626 0.01345464400947094
6.289999961853027 -0.2665 0.2255 -1.8400250244140626 0.01467779278755188
6.320000171661377 -0.287 0.2665 -1.8400250244140626 0.01100834459066391
6.269999980926514 -0.205 0.3075 -1.8400250244140626 0.09418250620365143
6.179999828338623 -0.246 0.287 -1.8400250244140626 0.02813243679702282
6.289999961853027 -0.2255 0.3075 -1.8400250244140626 0.04770282655954361
6.340000152587891 -0.2665 0.205 -1.8400250244140626 0.008562046103179455
6.119999885559082 0.123 0.5945 -1.8400250244140626 0.05871117115020752
6.320000171661377 0.1435 0.615 -1.8400250244140626 0.05259542539715767
6.139999866485596 0.123 0.5125 -1.8400250244140626 0.00978519581258297
7.860000133514404 -0.246 -0.369 -1.8400250244140626 0.16390202939510345
7.869999885559082 -0.246 -0.3895 -1.8400250244140626 0.12598438560962677
7.880000114440918 -0.2255 -0.369 -1.8400250244140626 0.03302503377199173
7.980000019073486 -0.2665 -0.41 -1.8400250244140626 0.00978519581258297
7.920000076293945 -0.2665 -0.3895 -1.8400250244140626 0.07216581702232361
8.3100004196167 -0.287 -0.4715 -1.8400250244140626 0.01100834459066391
7.920000076293945 -0.2255 -0.3895 -1.8400250244140626 0.1700177639722824
25.770000457763672 -0.2255 -0.492 -1.8400250244140626 0.01957039162516594
8.079999923706055 -0.1845 -0.369 -1.8400250244140626 0.0366944819688797
8.170000076293945 -0.1845 -0.4305 -1.8400250244140626 0.02446298860013485
8.140000343322754 -0.287 -0.3895 -1.8400250244140626 0.00978519581258297
8.029999732971191 -0.287 -0.41 -1.8400250244140626 0.05381857603788376
8.119999885559082 -0.2255 -0.4305 -1.8400250244140626 0.01345464400947094
8.029999732971191 -0.1845 -0.3895 -1.8400250244140626 0.01100834459066391
7.960000038146973 -0.246 -0.3485 -1.8400250244140626 0.06971951574087143
7.949999809265137 -0.2255 -0.3485 -1.8400250244140626 0.02201668918132782
8.09000015258789 -0.246 -0.328 -1.8400250244140626 0.02446298860013485
8.1899995803833 -0.1435 -0.369 -1.8400250244140626 0.01100834459066391
8.170000076293945 -0.2665 -0.328 -1.8400250244140626 0.01834724098443985
8.239999771118164 -0.2665 -0.3075 -1.8400250244140626 0.02690928801894188
8.279999732971191 -0.2665 -0.287 -1.8400250244140626 0.02446298860013485
8.449999809265137 -0.287 -0.2665 -1.8400250244140626 0.12353809177875519
8.460000038146973 -0.287 -0.246 -1.8400250244140626 0.07461211830377579
73.0999984741211 -0.4305 -0.2255 -1.8400250244140626 0.01834724098443985
8.079999923706055 -0.287 -0.4305 -1.8400250244140626 0.02568613737821579
8.25 -0.287 -0.451 -1.8400250244140626 0.02201668918132782
8.510000228881836 -0.3075 -0.5125 -1.8400250244140626 0.02201668918132782
8.350000381469727 -0.3075 -0.492 -1.8400250244140626 0.02813243679702282
6.150000095367432 0.451 -0.164 -1.8400250244140626 0.02446298860013485
6.25 0.4715 -0.164 -1.8400250244140626 0.02446298860013485
6.409999847412109 0.492 -0.1845 -1.8400250244140626 0.04036393016576767
6.590000152587891 0.5125 -0.1845 -1.8400250244140626 0.0366944819688797
6.659999847412109 0.533 -0.1845 -1.8400250244140626 0.10274454951286316
6.789999961853027 0.533 -0.164 -1.8400250244140626 0.01467779278755188
6.980000019073486 0.5535 -0.1435 -1.8400250244140626 0.03914078325033188
6.889999866485596 0.5535 -0.164 -1.8400250244140626 0.04036393016576767
6.949999809265137 0.533 -0.205 -1.8400250244140626 0.06727322190999985
7.059999942779541 0.574 -0.1435 -1.8400250244140626 0.02446298860013485
7.139999866485596 0.574 -0.123 -1.8400250244140626 0.12109179049730301
7763.60009765625 -0.721399169921875 0.5917405395507812 1.7025 7.102828502655029
17.790000915527344 -0.6349600830078125 -0.6781796264648438 1.7525 0.01100834459066391
51.560001373291016 0.26319174194335937 0.8226625366210938 -2.1775 0.04036393016576767
7.800000190734863 0.30308737182617185 0.8119725341796875 -2.1475 0.21772059798240662
6.239999771118164 0.855398681640625 -0.56568603515625 1.5025 0.44400325417518616
45.90999984741211 1.0009091796875 -0.37986383056640627 0.8525 0.06238061934709549
4831.47998046875 0.736837646484375 -0.44925970458984377 -2.2975 0.03180188685655594
24.1200008392334 -0.8956400146484375 -0.10719385528564453 -2.2775 0.21527430415153503
41.70000076293945 1.0303603515625 -0.3500837707519531 0.8925 0.04403337836265564
36.40999984741211 -0.7453734130859375 0.297484130859375 -0.9275 0.02201668918132782
8.25 0.30624249267578124 0.9347494506835937 -2.1675 1.59621000289917
20.290000915527344 -0.7833919677734374 0.1555970458984375 -2.4475 0.23484468460083008
8.0600004196167 0.3485593872070312 0.8678887939453125 -2.1775 0.02690928801894188
49.560001373291016 -0.4054684143066406 0.7241425170898438 -1.4275 0.00978519581258297
7.380000114440918 0.25694497680664063 0.75623583984375 -2.0775 0.02568613737821579
5.420000076293945 0.69553466796875 -0.520798583984375 1.2425 0.03424818441271782
3.5899999141693115 -0.5481727905273438 -0.6254264526367187 0.5825 0.01957039162516594
98.0 0.8298599853515625 -0.010925313949584962 -0.6275 0.01957039162516594
3.4000000953674316 -0.49677023315429686 -0.6303155517578125 0.5725 0.11375289410352707
63.15999984741211 -0.5954535522460938 0.6246591796875 1.4525 0.11619919538497925
6.329999923706055 0.8482239379882812 -0.5366331176757813 1.5225 0.02323983982205391
5.46999979019165 0.7265119018554688 -0.4671444396972656 1.3425 0.00978519581258297
8.359999656677246 0.2988112487792969 0.9582122192382813 -2.1775 0.008562046103179455
5.510000228881836 0.7471633911132812 -0.431375 1.3025 0.01834724098443985
281.7699890136719 0.8928656005859374 0.12826737976074218 -0.7275 0.01467779278755188
8.069999694824219 0.3092000427246094 0.87843505859375 -2.1875 0.01590094342827797
5.829999923706055 0.80780517578125 -0.3921204528808594 1.3925 0.00978519581258297
6.210000038146973 0.8185245361328125 -0.37355392456054687 1.4225 0.03547133505344391
5.699999809265137 0.656327880859375 -0.5172713623046875 1.1025 0.03302503377199173
5.150000095367432 0.6849501342773437 -0.40757159423828127 1.5625 0.00978519581258297
5.730000019073486 0.778140625 -0.3777208557128906 1.3825 0.01100834459066391
6954.7998046875 0.3380528869628906 0.947697509765625 -2.4275 0.01712409220635891
293.6000061035156 -0.42574481201171877 -0.6744578247070312 -2.0875 0.05871117115020752
5.440000057220459 0.7327694702148437 -0.5220860595703125 1.2725 0.12843069434165955
3.5 -0.5327221069335938 -0.640877197265625 0.5925 0.01957039162516594
4.659999847412109 -0.6563955078125 -0.7325885009765625 0.8925 0.01345464400947094
5.269999980926514 0.6744578247070312 -0.42574481201171877 1.2725 0.008562046103179455
8.260000228881836 0.36869143676757815 0.9180162963867188 -2.1775 0.17980296909809113
5.71999979019165 0.76784375 -0.32977560424804686 1.3625 0.5063838362693787
5.670000076293945 0.7884663696289063 -0.3598361511230469 1.3825 0.05381857603788376
9.010000228881836 0.031476926803588864 -0.796969970703125 -2.3975 0.06482692062854767
5.610000133514404 0.75691845703125 -0.34869879150390626 1.3525 0.47213566303253174
9.399999618530273 0.2732252197265625 -0.8540242919921875 -2.4875 0.5981200933456421
5.53000020980835 0.6830704345703125 -0.5370423583984375 1.2525 0.17980296909809113
5.369999885559082 0.7059347534179687 -0.3712251892089844 1.2925 0.012231494300067425
5.199999809265137 0.6913665771484375 -0.46223800659179687 1.2625 0.02935558557510376
11.140000343322754 -0.32303515625 0.8066275024414062 1.3925 0.01345464400947094
5.519999980926514 0.7434888305664062 -0.5035195617675782 1.3425 0.01467779278755188
5.329999923706055 0.7022918701171875 -0.4433147888183594 1.2525 0.01100834459066391
4.860000133514404 -0.6798413696289063 -0.76780419921875 0.8425 0.09418250620365143
24.0 -0.86275 -0.08260595703125 -2.2775 0.02813243679702282
8.170000076293945 0.2698407287597656 0.8889813842773437 -2.1975 0.04770282655954361
539.8900146484375 -0.7241425170898438 -0.4054684143066406 -0.0975 0.008562046103179455
8.289999961853027 0.3609058837890625 0.8986307983398437 -2.2275 0.05871117115020752
5.170000076293945 0.6954424438476563 -0.3893984069824219 1.2525 0.05259542539715767
11.989999771118164 0.3712251892089844 0.7059347534179687 -2.2075 0.00978519581258297
8.470000267028809 0.22297723388671875 0.957060302734375 -2.1875 0.16390202939510345
206.6699981689453 -0.7670982666015626 0.21640580749511718 -1.9875 0.12598438560962677
6.28000020980835 0.85838037109375 -0.5190415649414063 1.5125 0.03302503377199173
7.590000152587891 0.2886548767089844 0.7817894287109375 -2.1075 0.00978519581258297
7.900000095367432 0.30976095581054686 0.7761340942382813 -2.1375 0.07216581702232361
28.889999389648438 -0.8298599853515625 -0.05462657165527344 -1.7775 0.01100834459066391
9.550000190734863 -0.8100662231445312 0.18312445068359376 -2.0275 0.1700177639722824
8.369999885559082 0.3772945556640625 0.9371827392578125 -2.1675 0.01957039162516594
6.119999885559082 0.7746013793945312 -0.5811911010742188 1.4525 0.0366944819688797
8.399999618530273 0.2854261779785156 0.9403271484375 -2.2675 0.02446298860013485
26.739999771118164 0.3598361511230469 -0.7884663696289063 -1.2675 0.00978519581258297
53.0099983215332 -0.796969970703125 0.031476926803588864 -1.2875 0.05381857603788376
33.709999084472656 -0.6006387939453125 0.5264469604492188 -1.1375 0.01345464400947094
18.31999969482422 -0.888849853515625 -0.46626690673828125 -1.1275 0.01100834459066391
8.65999984741211 -0.7817894287109375 0.2886548767089844 -2.3775 0.06971951574087143
187.97999572753906 0.772529541015625 0.19613621520996094 -2.1275 0.02201668918132782
5.070000171661377 0.6534732055664062 -0.46209124755859377 1.2525 0.02446298860013485
8.40999984741211 0.09832782745361328 -0.8298599853515625 -1.4075 0.01100834459066391
11.470000267028809 -0.38022891235351564 0.890626953125 1.4025 0.01834724098443985
24.969999313354492 -0.7021112670898437 -0.6868726806640625 -1.5175 0.02690928801894188
21.729999542236328 -0.996543701171875 -0.44565567016601565 -1.0375 0.02446298860013485
6.0 0.7956968994140625 -0.5446525268554687 1.4625 0.12353809177875519
5.150000095367432 0.6639655151367188 -0.44391802978515627 1.2625 0.07461211830377579
11654.4697265625 -1.03564599609375 0.3303573303222656 1.6025 0.01834724098443985
7.949999809265137 0.3353500061035156 0.8373779907226563 -2.1575 0.02568613737821579
3.4600000381469727 -0.5172713623046875 -0.656327880859375 0.5725 0.02201668918132782
9.220000267028809 0.30308737182617185 -0.8119725341796875 -2.5075 0.02201668918132782
47.810001373291016 -0.69553466796875 0.520798583984375 -1.6875 0.02813243679702282
268.4100036621094 0.22533660888671875 -0.7987555541992187 1.4525 0.02446298860013485
147.66000366210938 0.8956400146484375 0.10719385528564453 -0.7175 0.02446298860013485
261.7200012207031 0.3270588073730469 0.9291716918945313 -2.4175 0.04036393016576767
8.109999656677246 0.32887969970703124 0.8731619262695313 -2.1775 0.0366944819688797
8.199999809265137 0.3405291442871094 0.9040906982421875 -2.1775 0.10274454951286316
8.489999771118164 0.41227520751953123 0.9679189453125 -2.1675 0.01467779278755188
115.5199966430664 0.665180908203125 0.7824646606445312 1.7525 0.03914078325033188
8.319999694824219 0.27939892578125 0.9204705200195312 -2.2375 0.04036393016576767
8.420000076293945 0.23048141479492187 0.8995277099609374 -2.1475 0.06727322190999985
7.949999809265137 0.2939334716796875 0.8484755249023438 -2.1775 0.02446298860013485
8.09000015258789 0.2895203857421875 0.883708251953125 -2.1975 0.12109179049730301
0.5 -1.8396607666015625 -1.2532440185546876 2.788325927734375 7.102828502655029
0.3700000047683716 -2.159587646484375 -0.7132860107421874 1.9819990234375 0.01100834459066391
Clusters

Event
Hits
29.40399932861328 0.36957977294921873 -0.21898399353027342 -0.40516000366210936 0.0
3.828000068664551 0.26891021728515624 -0.03036418342590332 0.014170000076293945 0.0
2.3340001106262207 0.26879010009765625 -0.03168874740600586 0.015989999771118164 0.0
5.223999977111816 0.2687575988769531 -0.03204727554321289 0.0166299991607666 0.0
0.9350000023841858 0.2685986328125 -0.03380008316040039 0.04456000137329102 0.0
10.446000099182129 0.2691224670410156 -0.028023786544799804 0.025930000305175782 0.0
14.196000099182129 0.2688777160644531 -0.030722711563110353 0.04118999862670898 0.0
12.791999816894531 0.26919381713867185 -0.027237014770507814 0.048279998779296875 0.0
6.236999988555908 0.26874041748046873 -0.03223649978637695 0.018920000076293946 0.0
9.97700023651123 0.26902041625976564 -0.029149168014526366 0.040200000762939454 0.0
-0.22499999403953552 0.2687557678222656 -0.03206719207763672 0.015369999885559081 0.0
3.6530001163482666 0.26874493408203126 -0.03218670272827148 0.030260000228881836 0.0
6.119999885559082 0.2692109680175781 -0.027047792434692384 0.03852000045776367 0.0
9.11400032043457 0.269070068359375 -0.028601415634155275 0.016329999923706054 0.0
4.1020002365112305 0.26916400146484376 -0.02756566619873047 0.017010000228881834 0.0
4.322999954223633 0.42748648071289064 0.0428761215209961 0.0389900016784668 0.0
-6.581999778747559 0.26909808349609377 -0.028292682647705077 0.015489999771118163 0.0
13.234999656677246 0.04517390060424804 -0.016227205276489257 -0.038119998931884766 0.0
0.5120000243186951 0.005718325614929199 -0.11986380004882813 -0.13280000305175782 0.0
5.330999851226807 0.005974751949310303 -0.04763894271850586 -0.030299999237060546 0.0
3.0409998893737793 0.004926193714141846 -0.03566317749023438 -0.013210000038146973 0.0
13.758999824523926 0.11548017883300782 -0.0327001838684082 0.03836000061035156 0.0
12.984000205993652 0.04496839904785156 -0.01680154800415039 0.03813999938964844 0.0
11.829000473022461 0.03391917037963867 -0.012062127113342286 -0.019110000610351563 0.0
-9.491999626159668 0.033561981201171875 -0.013046738624572753 0.03813000106811523 0.0
15.677000045776367 -0.012351770401000977 -0.04638898468017578 -0.03616999816894531 0.0
-1.2710000276565552 -0.00960814094543457 -0.03470530319213867 -0.017680000305175782 0.0
-5.373000144958496 0.21671755981445312 0.11440632629394532 -1.149864990234375 0.0
-10.45199966430664 0.17286822509765626 0.0868035888671875 -0.899864990234375 0.0
-0.828000009059906 0.12806617736816406 0.06084473419189453 -0.649864990234375 0.0
2.7920000553131104 -0.16977557373046875 0.020523008346557618 -0.899864990234375 0.0
-7.6579999923706055 0.12932957458496094 -0.010550000190734864 1.349864990234375 0.0
4.426000118255615 0.04173065185546875 -0.428433349609375 -0.649864990234375 0.0
4.24399995803833 0.06629957580566406 0.00020000000298023223 0.699864990234375 0.0
0.6859999895095825 0.06494017791748047 -0.21353656005859376 1.349864990234375 0.0
6.4730000495910645 0.06151945495605469 -0.15022325134277345 0.999864990234375 0.0
1.3609999418258667 -0.2147957000732422 0.027202144622802734 -1.149864990234375 0.0
-7.043000221252441 -0.12463595581054687 0.014330519676208495 -0.649864990234375 0.0
2.3570001125335693 0.04926679611206055 -0.09887259674072266 0.699864990234375 0.0
5.669000148773193 -0.16194505310058593 -0.13483065795898438 0.999864990234375 0.0
0.7689999938011169 -0.11365687561035157 -0.08919486999511719 0.699864990234375 0.0
2.4649999141693115 -0.035822921752929685 -0.02656050682067871 0.24986500549316407 0.0
-11.798999786376953 -0.05222268676757812 0.005501961708068848 -0.24986500549316407 0.0
9.178999900817871 -0.024938894271850587 -0.1838776397705078 -0.24986500549316407 0.0
-6.289000034332275 0.03979861831665039 -0.23020103454589844 -0.24986500549316407 0.0
8.069000244140625 0.05433123779296875 0.023478292465209962 -0.24986500549316407 0.0
0.8659999966621399 0.04138272476196289 0.001649999976158142 0.449864990234375 0.0
-8.27299976348877 -0.08844397735595703 0.009746201515197754 -0.449864990234375 0.0
-14.168000221252441 0.16849041748046875 -0.06726361083984375 -0.24986500549316407 0.0
3.0329999923706055 0.03234490585327148 -0.05876302337646484 0.449864990234375 0.0
14.71500015258789 0.09578457641601562 -0.0035799999237060547 0.999864990234375 0.0
1.753999948501587 -0.21529185485839844 -0.19106846618652343 1.349864990234375 0.0
2.7790000438690186 -0.07128373718261719 -0.05341766357421875 0.449864990234375 0.0
8.085000038146973 -0.005510000228881836 -0.3107727355957031 -0.449864990234375 0.0
-2.453000068664551 0.28133694458007813 -0.1233625717163086 -0.449864990234375 0.0
-7.139999866485596 0.09152620697021484 0.04150698471069336 -0.449864990234375 0.0
3.430999994277954 -0.029112293243408204 -0.6384317626953125 -0.67 0.0
4.010000228881836 0.5563262939453125 -0.30092172241210935 -0.98 0.0
2.8429999351501465 0.582001220703125 0.2531602783203125 0.04 0.0
4.35699987411499 0.19798141479492187 -0.6045294799804688 -1.02 0.0
27.104000091552734 -0.41720440673828124 0.4776386413574219 -1.16 0.0
11.246999740600586 -0.4585558776855469 0.4366497802734375 -0.32 0.0
11.206000328063965 -0.4596124267578125 0.4343840026855469 -0.32 0.0
6.334000110626221 0.18019999694824218 -0.0319375 1.914949951171875 0.0
6.480000019073486 0.0485 -0.3285625 1.925050048828125 0.0
6.4019999504089355 -0.2971000061035156 -0.2861875 1.914949951171875 0.0
3886.81396484375 0.43960000610351563 -0.2646875 1.914949951171875 0.0
14.538999557495117 0.014513833045959473 -0.5495902709960937 -0.5715767822265625 0.0
2.122999906539917 0.530011962890625 0.14615280151367188 0.040529987335205075 0.0
12.187999725341797 0.48890362548828126 -0.2513082885742188 -0.8407374877929688 0.0
8.72599983215332 0.12095065307617188 -0.5363247680664063 -0.86100244140625 0.0
6.499000072479248 0.11997029876708984 -0.536544921875 -0.857884765625 0.0
15.868000030517578 0.01399484348297119 -0.5496157836914063 -0.572615966796875 0.0
24.733999252319336 -0.121958740234375 0.536072265625 0.6765390625 0.0
24.243999481201172 -0.12145469665527343 0.5361985473632812 0.6775782470703124 0.0
12.15999984741211 -0.22 -0.06 3.66275 0.00047702828305773437
12.239999771118164 -0.22 -0.06 3.68614990234375 0.0004831440164707601
12.3100004196167 -0.22 -0.06 3.709550048828125 0.0015595154836773872
12.390000343322754 -0.22 -0.06 3.732949951171875 0.0007766998605802655
12.5 -0.22 -0.06 3.75635009765625 0.0033147349022328854
23.010000228881836 -0.07 0.15 4.03714990234375 0.002562497975304723
175.5800018310547 0.08 -0.15 3.87335009765625 0.0011497604427859187
4392.16015625 -0.25 -0.15 3.826550048828125 0.0002629771188367158
22.649999618530273 0.17 -0.06 4.4349501953125 0.00037917631561867893
14.329999923706055 -0.07 -0.15 4.01375 0.002005964983254671
12.680000305175781 -0.25 -0.06 3.80314990234375 0.0021038169506937265
12.569999694824219 -0.25 -0.06 3.77975 0.0021588588133454323
12.0 -0.19 0.06 3.615949951171875 0.0005320700001902878
15.430000305175781 -0.25 -0.03 4.6455498046875 0.0005137227708473802
13.319999694824219 -0.16 0.3 3.826550048828125 0.0005748802213929594
13.220000267028809 -0.16 0.3 3.80314990234375 0.0006666164263151586
13.420000076293945 -0.16 0.3 3.849949951171875 0.000538185762707144
72.36000061035156 -0.1 0.27 3.77975 0.00024462988949380815
145.63999938964844 -0.19 0.24 4.03714990234375 0.002366794040426612
14.15999984741211 -0.19 0.27 3.92014990234375 0.0018591871485114098
23.1200008392334 -0.22 -0.09 3.68614990234375 0.00046479678712785244
38.47999954223633 -0.22 0.18 3.943550048828125 0.00024462988949380815
14.569999694824219 0.08 0.03 3.849949951171875 0.002452414482831955
14.59000015258789 0.08 0.06 3.849949951171875 0.002770433435216546
13.59000015258789 -0.07 -0.21 3.615949951171875 0.0004036393074784428
13.779999732971191 -0.04 -0.15 3.68614990234375 0.0005137227708473802
14.720000267028809 -0.19 0.15 3.75635009765625 0.0008500888361595571
11.970000267028809 0.11 -0.06 3.615949951171875 0.0003302503318991512
14.829999923706055 0.08 0.0 3.63935009765625 0.0004709125205408782
25.010000228881836 0.17 -0.06 3.615949951171875 0.0006482691969722509
13.4399995803833 -0.04 -0.21 3.615949951171875 0.0006360376719385386
13.449999809265137 -0.04 -0.18 3.63935009765625 0.001889765844680369
13.579999923706055 -0.04 -0.21 3.66275 0.0014922423288226128
13.430000305175781 -0.01 -0.18 3.615949951171875 0.001865302911028266
13.899999618530273 0.11 -0.24 3.615949951171875 0.0008011628524400294
12.119999885559082 -0.5982000122070312 -0.36975 3.511 0.25634765625
12.119999885559082 -0.623125 -0.36975 3.511 0.25634765625
11.449999809265137 0.2991000061035156 -0.0985999984741211 3.511 0.146484375
11.539999961853027 -0.24925 0.32045001220703123 3.511 0.067138671875
12.180000305175781 -0.22432499694824218 0.3451000061035156 3.511 0.103759765625
12.25 -0.22432499694824218 0.36975 3.511 0.042724609375
11.869999885559082 -0.2991000061035156 0.32045001220703123 3.511 0.054931640625
11.960000038146973 -0.32402499389648437 0.32045001220703123 3.511 0.140380859375
12.010000228881836 -0.2991000061035156 0.3451000061035156 3.511 0.054931640625
11.989999771118164 -0.32402499389648437 0.3451000061035156 3.511 0.09765625
11.8100004196167 0.24925 0.5176500244140625 3.511 0.20751953125
11.859999656677246 0.24925 0.5422999877929687 3.511 0.946044921875
11.890000343322754 0.2741749877929687 0.5422999877929687 3.511 0.543212890625
12.0 0.2991000061035156 0.5422999877929687 3.511 0.091552734375
11.989999771118164 0.2741749877929687 0.5669500122070312 3.511 0.091552734375
11.949999809265137 0.24925 0.5669500122070312 3.511 0.042724609375
12.050000190734863 0.2741749877929687 0.5915999755859375 3.511 0.048828125
11.890000343322754 0.2741749877929687 0.5176500244140625 3.511 0.03662109375
11.489999771118164 0.0747750015258789 0.3451000061035156 3.511 0.128173828125
11.430000305175781 0.22432499694824218 0.27114999389648436 3.511 0.42724609375
11.520000457763672 0.22432499694824218 0.29579998779296873 3.511 0.03662109375
11.449999809265137 0.22432499694824218 0.2465 3.511 0.42724609375
11.40999984741211 0.22432499694824218 0.07394999694824218 3.511 0.042724609375
11.75 0.2991000061035156 -0.12325 3.511 0.08544921875
12.0600004196167 0.32402499389648437 -0.024649999618530274 3.511 0.067138671875
11.680000305175781 -0.5234249877929688 -0.5422999877929687 3.511 0.164794921875
11.989999771118164 -0.5234249877929688 -0.5669500122070312 3.511 0.048828125
12.069999694824219 -0.5483499755859375 -0.5669500122070312 3.511 0.048828125
11.819999694824219 -0.0747750015258789 -0.6655499877929687 3.511 0.164794921875
12.039999961853027 -0.09969999694824219 -0.6655499877929687 3.511 0.067138671875
12.260000228881836 -0.0747750015258789 -0.6902000122070312 3.511 0.054931640625
12.869999885559082 -0.024924999237060548 -0.7395 3.511 0.067138671875
11.390000343322754 0.2991000061035156 -0.07394999694824218 3.511 0.213623046875
11.920000076293945 0.2991000061035156 -0.04929999923706055 3.511 0.0732421875
11.930000305175781 0.32402499389648437 -0.12325 3.511 0.048828125
6.03000020980835 -0.328 0.041 -1.8400250244140626 7.050233364105225
6.179999828338623 -0.3485 0.0205 -1.8400250244140626 0.14066217839717865
6.159999847412109 -0.3485 0.0615 -1.8400250244140626 0.5100533366203308
6.25 -0.369 0.0615 -1.8400250244140626 0.09051305800676346
6.079999923706055 -0.328 0.0615 -1.8400250244140626 0.9907510280609131
6.130000114440918 -0.3485 0.041 -1.8400250244140626 0.9613954424858093
6.349999904632568 -0.3895 0.041 -1.8400250244140626 0.02446298860013485
6.210000038146973 -0.369 0.041 -1.8400250244140626 0.07216581702232361
6.380000114440918 -0.3895 0.0205 -1.8400250244140626 0.01345464400947094
6.300000190734863 -0.3485 0.1025 -1.8400250244140626 0.012231494300067425
6.139999866485596 -0.328 0.0205 -1.8400250244140626 0.2703160345554352
6.340000152587891 -0.3895 0.0615 -1.8400250244140626 0.04770282655954361
6.059999942779541 -0.3075 0.0615 -1.8400250244140626 0.25319191813468933
6.199999809265137 -0.328 0.082 -1.8400250244140626 0.05137227475643158
6.269999980926514 -0.328 0.1025 -1.8400250244140626 0.01712409220635891
6.300000190734863 -0.369 0.082 -1.8400250244140626 0.03180188685655594
6.329999923706055 -0.369 0.0 -1.8400250244140626 0.01345464400947094
6.139999866485596 -0.3485 1.7763568394002505e-17 -1.8400250244140626 0.0489259772002697
6.269999980926514 -0.369 0.0205 -1.8400250244140626 0.03547133505344391
6.03000020980835 -0.3075 0.041 -1.8400250244140626 0.3082336485385895
6.039999961853027 -0.328 1.7763568394002505e-17 -1.8400250244140626 0.2201668918132782
6.150000095367432 -0.3075 0.0205 -1.8400250244140626 0.11619919538497925
6.230000019073486 -0.369 -0.0205 -1.8400250244140626 0.01467779278755188
6.239999771118164 -0.3075 8.881784197001253e-18 -1.8400250244140626 0.03547133505344391
6.260000228881836 -0.3485 0.082 -1.8400250244140626 0.08072786033153534
6.170000076293945 -0.3075 0.082 -1.8400250244140626 0.01590094342827797
6.210000038146973 -0.3485 -0.0205 -1.8400250244140626 0.01590094342827797
6.210000038146973 -0.287 0.0615 -1.8400250244140626 0.012231494300067425
6.409999847412109 -0.41 0.041 -1.8400250244140626 0.012231494300067425
6.170000076293945 -0.287 0.041 -1.8400250244140626 0.02568613737821579
6.210000038146973 -0.287 0.0205 -1.8400250244140626 0.02813243679702282
6.320000171661377 -0.3075 0.1025 -1.8400250244140626 0.02201668918132782
6.429999828338623 -0.3485 0.123 -1.8400250244140626 0.008562046103179455
6.340000152587891 -0.369 0.1025 -1.8400250244140626 0.00978519581258297
6.150000095367432 -0.328 -0.0205 -1.8400250244140626 0.01712409220635891
6.590000152587891 -0.328 0.1435 -1.8400250244140626 0.012231494300067425
6.070000171661377 0.328 0.1845 -1.8400250244140626 0.5357394218444824
6.269999980926514 0.328 0.205 -1.8400250244140626 0.12598438560962677
6.559999942779541 0.328 0.2255 -1.8400250244140626 0.02935558557510376
6.440000057220459 0.3075 0.1845 -1.8400250244140626 0.07828156650066376
6.460000038146973 0.3075 0.164 -1.8400250244140626 0.00978519581258297
7.369999885559082 0.328 0.164 -1.8400250244140626 0.02201668918132782
6.659999847412109 0.3485 0.2255 -1.8400250244140626 0.04403337836265564
7.440000057220459 0.492 0.205 -1.8400250244140626 0.008562046103179455
7.510000228881836 0.41 0.328 -1.8400250244140626 0.04525652900338173
7.760000228881836 0.5125 0.2255 -1.8400250244140626 0.00978519581258297
19.010000228881836 0.5000844116210937 0.6695159301757813 -2.0675 7.050233364105225
36.04999923706055 0.7522476806640624 0.6660670776367188 -1.8375 0.14066217839717865
25.84000015258789 0.7161861572265625 0.48502914428710936 -2.4375 0.5100533366203308
53.09000015258789 0.8298599853515625 0.010925313949584962 -1.9975 0.09051305800676346
26.40999984741211 0.772529541015625 -0.19613621520996094 -1.5475 0.9907510280609131
12.539999961853027 0.2988112487792969 0.9582122192382813 -2.0975 0.9613954424858093
6.369999885559082 0.78744482421875 0.2675487976074219 -1.6175 0.02446298860013485
12.010000228881836 -0.0509347038269043 -0.928530029296875 -1.4675 0.07216581702232361
3.9000000953674316 0.5481727905273438 -0.6254264526367187 -0.8075 0.01345464400947094
7.210000038146973 -0.19613621520996094 -0.772529541015625 -0.9475 0.012231494300067425
14.40999984741211 0.5035195617675782 -0.7434888305664062 -1.6875 0.2703160345554352
34.06999969482422 -0.3650704345703125 -0.9619298095703125 -0.8075 0.04770282655954361
3.8299999237060547 0.540652587890625 -0.722050048828125 0.7525 0.25319191813468933
3.549999952316284 0.9153471069335938 0.17144244384765625 0.5225 0.05137227475643158
5.050000190734863 0.5172713623046875 0.656327880859375 0.0625 0.01712409220635891
4.260000228881836 0.5726751098632813 -0.6939511108398437 -0.8575 0.03180188685655594
4.119999885559082 0.5172713623046875 -0.656327880859375 -1.5575 0.01345464400947094
38.709999084472656 -0.5138770751953124 -0.9332075805664063 0.1225 0.0489259772002697
174.19000244140625 -0.23667538452148437 0.7616670532226563 -0.1775 0.03547133505344391
6.309999942779541 0.5000844116210937 -0.6695159301757813 -1.6175 0.3082336485385895
5.889999866485596 0.42574481201171877 -0.6744578247070312 -1.4075 0.2201668918132782
148.4600067138672 -0.9148544311523438 0.5871456298828125 1.6925 0.11619919538497925
131.42999267578125 0.986894287109375 0.3520347900390625 -2.5675 0.01467779278755188
5.730000019073486 0.40757159423828127 -0.6849501342773437 -1.3775 0.03547133505344391
3.2300000190734863 -0.6534732055664062 0.46209124755859377 0.5825 0.08072786033153534
4.340000152587891 -0.9256127319335937 0.48555172729492185 0.5525 0.01590094342827797
42.34000015258789 -0.21110043334960937 -0.8706705932617187 1.3925 0.01590094342827797
4.420000076293945 -0.9454879150390625 0.5340868530273437 0.5725 0.012231494300067425
3.5999999046325684 -0.7327694702148437 0.5220860595703125 0.6425 0.012231494300067425
3.859999895095825 -0.7542081909179688 0.48495303344726565 0.7225 0.02568613737821579
3.4700000286102295 -0.6639655151367188 0.44391802978515627 0.6325 0.02813243679702282
4.28000020980835 0.5264469604492188 0.6006387939453125 0.0525 0.02201668918132782
3.819999933242798 0.9844991455078125 0.2007071533203125 0.5525 0.008562046103179455
4.550000190734863 0.49677023315429686 0.6303155517578125 0.0725 0.00978519581258297
4.239999771118164 0.520798583984375 -0.69553466796875 -0.7975 0.01712409220635891
4.190000057220459 0.5412853393554687 0.5858004150390625 0.0525 0.012231494300067425
11.9399995803833 0.5917405395507812 -0.721399169921875 -1.5075 0.5357394218444824
13.279999732971191 0.49677023315429686 -0.6303155517578125 -1.3775 0.12598438560962677
3.5199999809265137 0.8995277099609374 0.23048141479492187 0.5025 0.02935558557510376
6.070000171661377 -0.2886548767089844 -0.7817894287109375 1.5125 0.07828156650066376
3.640000104904175 -0.639261962890625 0.5808507690429687 0.6025 0.00978519581258297
38.04999923706055 -0.270305419921875 -1.0087936401367188 1.4425 0.02201668918132782
3.309999942779541 0.5029138488769531 0.7058604125976562 0.5225 0.04403337836265564
7.03000020980835 0.5954535522460938 -0.6246591796875 -1.5075 0.008562046103179455
3.259999990463257 0.8493875122070312 0.16345271301269532 0.4825 0.04525652900338173
5.489999771118164 0.7265119018554688 -0.4671444396972656 -1.3675 0.00978519581258297
0.1899999976158142 -1.5024720458984375 -1.7073876953125 1.9819990234375 7.050233364105225
Clusters

Event
Hits
2.571000099182129 0.00839335823059082 -0.047270832061767576 0.10469000244140625 0.0
8.878000259399414 0.006073638439178467 -0.035492969512939454 0.09313999938964844 0.0
-4.60099983215332 0.014859190940856934 0.06273285675048829 -0.899864990234375 0.0
19.784000396728516 -0.15842501831054687 -0.33852017211914065 1.349864990234375 0.0
8.862000465393066 0.010792726516723633 0.0463509635925293 -0.649864990234375 0.0
3.187000036239624 -0.07046741485595703 -0.17141595458984374 0.699864990234375 0.0
-2.2139999866485596 0.20302247619628908 -0.11041390228271485 1.349864990234375 0.0
4.24399995803833 0.1431718292236328 -0.08928827667236328 0.999864990234375 0.0
-1.1690000295639038 0.04995924758911133 -0.19292027282714844 0.24986500549316407 0.0
4.9039998054504395 -0.04864957809448242 -0.0038299999237060545 0.699864990234375 0.0
14.956000328063965 -0.09776736450195313 -0.009775637626647949 1.349864990234375 0.0
0.29100000858306885 -0.001009999990463257 0.05342272186279297 0.449864990234375 0.0
5.886000156402588 -0.01927842140197754 -0.05194369506835937 0.24986500549316407 0.0
7.4770002365112305 0.056063735961914066 -0.04252634811401367 0.449864990234375 0.0
3.880000114440918 -0.10926792907714844 -0.24919078063964845 0.999864990234375 0.0
8.428000450134277 0.09463301086425781 -0.06570996856689452 0.699864990234375 0.0
-11.779000282287598 0.1428399200439453 -0.37882452392578125 0.449864990234375 0.0
2.4560000896453857 -0.040942955017089847 -0.105501953125 0.449864990234375 0.0
0.765999972820282 -0.07129734802246093 -0.006336926937103271 0.999864990234375 0.0
2.2239999771118164 0.019003892898559572 0.07909775543212891 -1.149864990234375 0.0
-5.158999919891357 0.0035799999237060547 0.12841458129882813 0.999864990234375 0.0
2.7109999656677246 -0.036051143646240236 -0.0324305305480957 0.449864990234375 0.0
-0.625 0.0003100000023841858 0.08745957946777344 0.699864990234375 0.0
-9.756999969482422 0.009470000267028808 0.176319580078125 1.349864990234375 0.0
3.0439999103546143 0.29819253540039065 -0.5628831176757813 0.69 0.0
31.44300079345703 0.589790283203125 0.23075016784667968 1.06 0.0
15.996999740600586 -0.5771221313476562 -0.27158834838867185 -0.47 0.0
18.756000518798828 -0.5804886474609375 0.25069189453125 -0.93 0.0
10.595000267028809 0.5561526489257812 -0.30190655517578124 -0.66 0.0
18.750999450683594 -0.5806978149414063 0.248301025390625 -0.93 0.0
6.493000030517578 -0.24589999389648437 -0.4765625 1.925050048828125 0.0
6.363999843597412 0.309 -0.1375625 1.925050048828125 0.0
6.388999938964844 0.023299999237060547 0.2646875 1.925050048828125 0.0
50.678001403808594 -0.19710000610351563 0.1166875 1.924949951171875 0.0
50.67300033569336 -0.197 0.1166875 1.925050048828125 0.0
4.989999771118164 0.23359237670898436 -0.49753555297851565 0.596518310546875 0.0
96.58000183105469 -0.19 -0.24 3.849949951171875 0.0006605006637983024
24.6200008392334 -0.28 -0.18 3.66275 0.000764468393754214
12.270000457763672 -0.25 -0.09 3.615949951171875 0.002739854622632265
16.200000762939453 0.2 -0.12 3.75635009765625 0.0004953755415044725
12.050000190734863 -0.37 -0.03 3.615949951171875 0.0006543849594891071
12.149999618530273 -0.4 -0.03 3.63935009765625 0.0010396770667284727
165.3300018310547 -0.34 0.12 3.943550048828125 0.0006360376719385386
11.5600004196167 0.0747750015258789 0.493 3.511 0.689697265625
12.050000190734863 0.0747750015258789 0.5176500244140625 3.511 0.189208984375
12.109999656677246 0.09969999694824219 0.5176500244140625 3.511 0.048828125
12.210000038146973 0.124625 0.5176500244140625 3.511 0.189208984375
12.699999809265137 0.0 0.5915999755859375 3.511 0.079345703125
17.520000457763672 -0.09969999694824219 1.2571500244140625 3.511 0.03662109375
17.68000030517578 -0.09969999694824219 1.281800048828125 3.511 0.054931640625
11.539999961853027 0.623125 -0.14789999389648437 3.511 0.213623046875
11.890000343322754 0.6480499877929687 -0.1725500030517578 3.511 0.177001953125
11.630000114440918 0.5982000122070312 -0.12325 3.511 0.15869140625
11.779999732971191 0.6480499877929687 -0.14789999389648437 3.511 0.03662109375
11.619999885559082 0.5982000122070312 -0.14789999389648437 3.511 0.079345703125
12.279999732971191 0.5982000122070312 0.0 3.511 0.09765625
12.069999694824219 0.6729749755859376 -0.1725500030517578 3.511 0.0732421875
11.869999885559082 -0.4985 -0.8874000244140625 3.511 0.128173828125
12.119999885559082 -0.4985 -0.9120499877929688 3.511 0.115966796875
11.4399995803833 -0.5982000122070312 0.27114999389648436 3.511 0.738525390625
11.609999656677246 -0.5982000122070312 0.29579998779296873 3.511 0.03662109375
11.5600004196167 -0.5732750244140625 0.27114999389648436 3.511 0.048828125
6.010000228881836 0.0205 0.123 -1.8400250244140626 7.550501346588135
6.050000190734863 0.041 0.123 -1.8400250244140626 6.345699310302734
6.159999847412109 0.041 0.1435 -1.8400250244140626 0.5479709506034851
6.329999923706055 -0.0205 0.1435 -1.8400250244140626 0.01712409220635891
6.190000057220459 -4.4408920985006264e-17 0.1435 -1.8400250244140626 0.07094267010688782
6.349999904632568 -0.0205 0.164 -1.8400250244140626 0.012231494300067425
6.090000152587891 0.041 0.1025 -1.8400250244140626 0.5235079526901245
6.039999961853027 0.0205 0.1025 -1.8400250244140626 0.4403337836265564
6.159999847412109 -3.9968028886505634e-17 0.1025 -1.8400250244140626 0.05381857603788376
6.170000076293945 0.0615 0.123 -1.8400250244140626 0.20548909902572632
6.230000019073486 0.0615 0.1025 -1.8400250244140626 0.10886029899120331
6.170000076293945 0.0205 0.1435 -1.8400250244140626 0.49292922019958496
6.5 0.082 0.164 -1.8400250244140626 0.01834724098443985
6.340000152587891 0.0615 0.164 -1.8400250244140626 0.03914078325033188
6.21999979019165 0.041 0.164 -1.8400250244140626 0.09173620492219925
6.400000095367432 0.041 0.1845 -1.8400250244140626 0.01467779278755188
6.46999979019165 0.0205 0.1845 -1.8400250244140626 0.012231494300067425
6.269999980926514 0.0205 0.164 -1.8400250244140626 0.05259542539715767
6.170000076293945 -3.9968028886505634e-17 0.123 -1.8400250244140626 0.15533997118473053
6.380000114440918 -0.0205 0.123 -1.8400250244140626 0.02079354040324688
6.360000133514404 -3.552713678800501e-17 0.164 -1.8400250244140626 0.03057873621582985
6.21999979019165 0.0615 0.1435 -1.8400250244140626 0.12109179049730301
6.429999828338623 0.1025 0.1025 -1.8400250244140626 0.01834724098443985
6.400000095367432 0.041 0.205 -1.8400250244140626 0.01345464400947094
6.329999923706055 0.082 0.1435 -1.8400250244140626 0.04036393016576767
6.389999866485596 -0.0205 0.1025 -1.8400250244140626 0.01467779278755188
6.360000133514404 0.082 0.123 -1.8400250244140626 0.01834724098443985
6.269999980926514 0.082 0.1025 -1.8400250244140626 0.01957039162516594
6.550000190734863 0.1025 0.123 -1.8400250244140626 0.01100834459066391
6.340000152587891 0.082 0.082 -1.8400250244140626 0.008562046103179455
6.429999828338623 0.041 0.2255 -1.8400250244140626 0.00978519581258297
4.550000190734863 0.5436643676757813 -0.758289306640625 0.9225 7.550501346588135
4.760000228881836 0.6229767456054688 -0.7953380126953125 0.9125 6.345699310302734
4.599999904632568 0.5811911010742188 -0.7746013793945312 0.9425 0.5479709506034851
4.610000133514404 0.5629218139648438 -0.785149169921875 0.9625 0.01712409220635891
4.789999961853027 0.5977841186523437 -0.7618690795898437 1.0225 0.07094267010688782
4.639999866485596 0.5613086547851562 -0.7481024169921875 1.0225 0.012231494300067425
4.599999904632568 0.52602001953125 -0.7684762573242188 0.9425 0.5235079526901245
4.429999828338623 0.540652587890625 -0.722050048828125 0.9125 0.4403337836265564
4.96999979019165 0.6660670776367188 -0.7522476806640624 1.0325 0.05381857603788376
4.960000038146973 0.6333131103515625 -0.6333131103515625 1.0425 0.20548909902572632
5.159999847412109 0.71711865234375 -0.6425345458984375 1.0525 0.10886029899120331
5.010000228881836 0.5412853393554687 -0.5858004150390625 1.0325 0.49292922019958496
5.269999980926514 0.6936156616210938 -0.7833607177734375 1.0825 0.01834724098443985
4.869999885559082 0.5790742797851562 -0.5945250244140625 1.0525 0.03914078325033188
4.769999980926514 0.56362353515625 -0.6099757080078125 1.0625 0.09173620492219925
4.730000019073486 0.5481727905273438 -0.6254264526367187 1.0325 0.01467779278755188
4.360000133514404 0.520798583984375 -0.69553466796875 0.9525 0.012231494300067425
10.050000190734863 -0.27721456909179687 0.7508046264648438 1.4025 0.05259542539715767
10.569999694824219 -0.8279109497070313 0.571816162109375 1.3125 0.15533997118473053
10.510000228881836 -0.4671444396972656 0.7265119018554688 1.5925 0.02079354040324688
5.059999942779541 0.41349029541015625 -0.7574891357421875 1.0725 0.03057873621582985
9.800000190734863 0.46308489990234375 -0.8667384643554688 0.9625 0.12109179049730301
9.359999656677246 0.481748291015625 -0.8559631958007813 0.9625 0.01834724098443985
4.769999980926514 0.6373402099609375 -0.7809745483398437 0.9125 0.01345464400947094
35.33000183105469 0.3984981994628906 -0.8800791625976563 0.7325 0.04036393016576767
4.360000133514404 0.5220860595703125 -0.7327694702148437 0.9525 0.01467779278755188
4.619999885559082 0.46209124755859377 -0.6534732055664062 1.0025 0.01834724098443985
152.0399932861328 -0.9153471069335938 -0.17144244384765625 0.5025 0.01957039162516594
5.170000076293945 0.68682666015625 -0.87814208984375 0.9125 0.01100834459066391
9.970000267028809 -0.86275 -6.51770304394006e-17 -1.1375 0.008562046103179455
9.920000076293945 -0.21640580749511718 -0.7670982666015626 -2.3975 0.00978519581258297
Clusters

Event
Hits
-0.23000000417232513 0.037150211334228515 0.42775143432617185 0.2439199981689453 0.0
1.2790000438690186 0.04894792175292969 0.26722491455078123 0.15694000244140624 0.0
-1.2269999980926514 0.03220257568359375 0.1156311264038086 0.07476000213623046 0.0
-7.841000080108643 0.014909743309020996 0.04563704681396484 0.035939998626708984 0.0
3.934999942779541 0.011459538459777832 0.0341347770690918 0.02947999954223633 0.0
5.0929999351501465 0.0379284782409668 0.02943693542480469 0.05847000122070312 0.0
3.2799999713897705 0.09669466400146484 0.07106624603271484 0.13102000427246094 0.0
9.28600025177002 0.028367610931396486 0.02218109893798828 0.046369998931884766 0.0
-3.4749999046325684 -0.062334728240966794 -0.025380355834960937 -1.149864990234375 0.0
-3.9030001163482666 -0.0488360710144043 -0.020084142684936523 -0.899864990234375 0.0
8.574999809265137 0.3141533203125 -0.12897489929199218 1.349864990234375 0.0
2.808000087738037 0.2286411590576172 -0.10266110229492187 0.999864990234375 0.0
-3.2309999465942383 0.08562311553955078 -0.03839003372192383 1.349864990234375 0.0
-5.059999942779541 0.06271275329589844 -0.029267475128173827 0.999864990234375 0.0
-3.059999942779541 0.09639094543457032 -0.035626163482666014 0.449864990234375 0.0
-3.9649999141693115 0.15285725402832032 -0.0513149299621582 0.699864990234375 0.0
-1.2949999570846558 0.0326298828125 0.1114614486694336 1.349864990234375 0.0
-3.1440000534057617 -0.04467669296264649 -0.006862279891967774 0.699864990234375 0.0
3.0 -0.003369999885559082 0.07357957458496094 0.699864990234375 0.0
11.729000091552734 -0.09017958068847656 -0.004829999923706055 1.349864990234375 0.0
-6.668000221252441 0.05365306854248047 -0.02875958824157715 0.24986500549316407 0.0
-11.970000267028809 0.15728089904785156 -0.07606064605712891 0.699864990234375 0.0
-9.102999687194824 0.09917330932617187 -0.05087224197387695 0.449864990234375 0.0
-2.76200008392334 -0.06680902862548828 -0.006164925098419189 0.999864990234375 0.0
6.085000038146973 0.013657243728637695 0.0356517333984375 0.449864990234375 0.0
7.005000114440918 -0.0025999999046325685 0.14340957641601562 1.349864990234375 0.0
-5.294000148773193 -0.04632805252075195 -0.005559239387512207 0.699864990234375 0.0
-4.0289998054504395 0.05209193801879883 -0.020683881759643554 0.24986500549316407 0.0
11.062999725341797 -0.0412426643371582 -0.006642630100250244 0.699864990234375 0.0
-7.626999855041504 0.19828321838378907 0.13227281188964843 0.24986500549316407 0.0
-0.722000002861023 0.30492831420898436 -0.07730467987060546 1.349864990234375 0.0
4.369999885559082 0.01989229965209961 0.05652487564086914 0.699864990234375 0.0
11.791999816894531 0.02636810302734375 0.0818311767578125 0.999864990234375 0.0
1.6349999904632568 -0.05981942367553711 -0.010618858337402344 0.999864990234375 0.0
4.9730000495910645 0.22209996032714843 -0.06581158447265625 0.999864990234375 0.0
1.6959999799728394 -0.03631015396118164 -0.016195512771606444 0.699864990234375 0.0
15.838000297546387 -0.0794188995361328 -0.008276688575744628 1.349864990234375 0.0
-6.158999919891357 -0.0353489990234375 -0.014717652320861816 -0.649864990234375 0.0
-4.10099983215332 -0.052717670440673825 -0.02197580909729004 0.999864990234375 0.0
12.824999809265137 -0.07185482025146485 -0.027887626647949217 1.349864990234375 0.0
18.104000091552734 -0.0026600000858306885 0.04687272262573242 0.449864990234375 0.0
7.244999885559082 0.055180110931396485 0.04940848159790039 1.349864990234375 0.0
5.26200008392334 -0.0034600000381469725 0.10573457336425782 0.999864990234375 0.0
-0.7620000243186951 -0.04157003021240235 -0.007147141456604004 0.699864990234375 0.0
0.2029999941587448 -0.08118782806396484 -0.015117791175842285 1.349864990234375 0.0
-5.710000038146973 0.04337483215332031 -0.020931737899780273 0.699864990234375 0.0
-4.361999988555908 -0.059011543273925784 -0.0080596923828125 0.999864990234375 0.0
5.651000022888184 -0.07172855377197265 0.009966952323913574 1.349864990234375 0.0
2.617000102996826 -0.028581626892089845 0.6377359619140625 0.36 0.0
3.319999933242798 0.4162322692871094 0.47716583251953126 0.68 0.0
6.710999965667725 0.4608999938964844 -0.1590625 1.925050048828125 0.0
6.414000034332275 0.000699999988079071 0.2014375 1.925050048828125 0.0
6.454999923706055 0.12409999847412109 -0.0528125 1.925050048828125 0.0
17.142000198364258 -0.06930000305175782 0.6251875 1.925050048828125 0.0
6.578999996185303 0.4463999938964844 -0.0743125 1.925050048828125 0.0
6.38100004196167 0.04040000152587891 0.1590625 1.914949951171875 0.0
6.539999961853027 0.44379998779296875 -0.0951875 1.914949951171875 0.0
7.074999809265137 0.006754998207092285 0.5496404418945312 0.31228875732421874 0.0
11.994000434875488 0.396370361328125 0.38093856811523436 0.5970379028320313 0.0
12.100000381469727 -0.22 0.03 3.615949951171875 0.000538185762707144
12.180000305175781 -0.22 0.03 3.63935009765625 0.0004158708034083247
12.260000228881836 -0.22 0.03 3.66275 0.00037917631561867893
12.329999923706055 -0.22 0.03 3.68614990234375 0.0007277739350683987
12.270000457763672 0.08 0.24 3.615949951171875 0.0017735667061060667
13.050000190734863 -0.13 0.15 3.849949951171875 0.00036082908627577126
12.470000267028809 -0.13 -0.15 3.709550048828125 0.0006054589757695794
13.729999542236328 0.08 -0.03 4.03714990234375 0.000819510139990598
12.609999656677246 -0.01 -0.15 3.68614990234375 0.0005198385333642364
15.8100004196167 -0.28 0.03 4.73914990234375 0.0005320700001902878
15.890000343322754 -0.28 0.03 4.7625498046875 0.0006115747382864356
15.970000267028809 -0.28 0.03 4.7859501953125 0.0005014912458136678
16.040000915527344 -0.28 0.03 4.80935009765625 0.0005014912458136678
16.1200008392334 -0.28 0.03 4.83275 0.0004892597789876163
16.200000762939453 -0.28 0.03 4.85614990234375 0.00042810229933820665
14.930000305175781 0.05 -0.09 4.48175 0.0005198385333642364
15.010000228881836 0.05 -0.09 4.50514990234375 0.000538185762707144
15.09000015258789 0.05 -0.09 4.5285498046875 0.0003730605822056532
15.15999984741211 0.05 -0.09 4.5519501953125 0.000733889639377594
15.239999771118164 0.05 -0.09 4.57535009765625 0.0004525652911979705
15.319999694824219 0.05 -0.09 4.59875 0.0005320700001902878
15.399999618530273 0.05 -0.09 4.62214990234375 0.0007155424100346863
15.479999542236328 0.05 -0.09 4.6455498046875 0.00046479678712785244
15.5600004196167 0.05 -0.12 4.6689501953125 0.00042198653682135046
15.630000114440918 0.05 -0.12 4.69235009765625 0.0004464495286811143
15.710000038146973 0.05 -0.12 4.71575 0.0005504172295331955
15.789999961853027 0.05 -0.12 4.73914990234375 0.0005748802213929594
15.869999885559082 0.05 -0.12 4.7625498046875 0.0005198385333642364
15.949999809265137 0.05 -0.12 4.7859501953125 0.0005443014670163393
16.030000686645508 0.05 -0.12 4.80935009765625 0.00042198653682135046
16.100000381469727 0.05 -0.12 4.83275 0.0008867833530530334
16.18000030517578 0.05 -0.12 4.85614990234375 0.0029233270324766636
17.399999618530273 0.05 -0.18 4.71575 0.0003852920781355351
35.540000915527344 0.17 0.09 4.24775 0.0005748802213929594
17.139999389648438 0.02 0.12 4.6689501953125 0.0008011628524400294
15.170000076293945 0.02 -0.09 4.5519501953125 0.0002507456229068339
12.699999809265137 0.2 -0.06 3.66275 0.002397372853010893
349.2699890136719 0.11 -0.12 3.66275 0.00047702828305773437
27.049999237060547 -0.16 0.3 4.80935009765625 0.0004709125205408782
11.779999732971191 0.8474500122070312 -0.07394999694824218 3.511 0.128173828125
11.859999656677246 0.872375 -0.07394999694824218 3.511 0.384521484375
11.9399995803833 0.872375 -0.04929999923706055 3.511 0.390625
11.960000038146973 0.8972999877929687 -0.04929999923706055 3.511 0.03662109375
11.779999732971191 0.8474500122070312 -0.04929999923706055 3.511 0.054931640625
12.40999984741211 0.9222249755859375 -0.04929999923706055 3.511 0.03662109375
12.949999809265137 0.9471500244140625 -0.04929999923706055 3.511 0.091552734375
12.420000076293945 0.872375 -0.0985999984741211 3.511 0.048828125
12.84000015258789 0.8474500122070312 -0.0985999984741211 3.511 0.067138671875
11.949999809265137 0.8972999877929687 -0.07394999694824218 3.511 0.042724609375
25.1200008392334 0.8474500122070312 -0.12325 3.511 0.042724609375
12.220000267028809 0.8972999877929687 -0.1971999969482422 3.511 0.091552734375
11.880000114440918 -0.8972999877929687 -0.44370001220703126 3.511 0.1953125
12.069999694824219 0.049849998474121096 0.32045001220703123 3.511 0.1220703125
11.869999885559082 0.0747750015258789 0.29579998779296873 3.511 0.146484375
12.039999961853027 0.0747750015258789 0.32045001220703123 3.511 0.09765625
11.970000267028809 0.049849998474121096 0.3451000061035156 3.511 0.23193359375
12.020000457763672 0.024924999237060548 0.3451000061035156 3.511 0.177001953125
12.329999923706055 0.0747750015258789 0.3451000061035156 3.511 0.128173828125
12.079999923706055 0.0747750015258789 0.36975 3.511 0.06103515625
12.100000381469727 0.09969999694824219 0.29579998779296873 3.511 0.048828125
12.140000343322754 0.0 0.3451000061035156 3.511 0.177001953125
11.850000381469727 0.0 0.36975 3.511 0.054931640625
11.800000190734863 0.0 0.3943999938964844 3.511 0.079345703125
12.260000228881836 0.049849998474121096 0.41904998779296876 3.511 0.03662109375
11.729999542236328 0.024924999237060548 0.3943999938964844 3.511 0.47607421875
12.119999885559082 0.09969999694824219 0.36975 3.511 0.067138671875
12.130000114440918 0.124625 0.36975 3.511 0.103759765625
11.529999732971191 -0.1495500030517578 0.41904998779296876 3.511 2.032470703125
11.710000038146973 -0.17447500610351563 0.44370001220703126 3.511 0.042724609375
11.609999656677246 -0.17447500610351563 0.41904998779296876 3.511 0.164794921875
11.640000343322754 -0.1495500030517578 0.44370001220703126 3.511 0.03662109375
11.600000381469727 -0.1495500030517578 0.3943999938964844 3.511 0.079345703125
11.630000114440918 -0.124625 0.41904998779296876 3.511 0.067138671875
11.720000267028809 -0.19939999389648438 0.3943999938964844 3.511 0.042724609375
11.680000305175781 -0.4985 0.14789999389648437 3.511 0.29296875
11.729999542236328 -0.5234249877929688 0.14789999389648437 3.511 0.103759765625
11.520000457763672 0.024924999237060548 -0.4683500061035156 3.511 0.048828125
11.529999732971191 0.024924999237060548 -0.493 3.511 0.81787109375
11.579999923706055 0.0 -0.493 3.511 0.054931640625
11.619999885559082 0.22432499694824218 -0.07394999694824218 3.511 0.445556640625
11.869999885559082 0.24925 -0.07394999694824218 3.511 0.750732421875
11.869999885559082 0.24925 -0.0985999984741211 3.511 0.35400390625
12.229999542236328 0.2741749877929687 -0.07394999694824218 3.511 0.13427734375
12.109999656677246 0.22432499694824218 -0.0985999984741211 3.511 0.250244140625
12.260000228881836 0.24925 -0.04929999923706055 3.511 0.146484375
12.199999809265137 0.19939999389648438 -0.0985999984741211 3.511 0.1220703125
11.600000381469727 0.373875 -0.29579998779296873 3.511 0.048828125
11.600000381469727 0.024924999237060548 0.36975 3.511 0.4638671875
11.859999656677246 0.049849998474121096 0.36975 3.511 0.1708984375
11.970000267028809 -0.024924999237060548 0.3943999938964844 3.511 0.08544921875
12.430000305175781 0.049849998474121096 0.44370001220703126 3.511 0.048828125
12.050000190734863 -0.024924999237060548 0.41904998779296876 3.511 0.042724609375
12.130000114440918 -0.049849998474121096 0.41904998779296876 3.511 0.103759765625
11.989999771118164 0.872375 -0.1971999969482422 3.511 0.03662109375
12.569999694824219 0.9222249755859375 -0.1971999969482422 3.511 0.03662109375
13.649999618530273 1.645050048828125 1.059949951171875 3.511 0.048828125
5.849999904632568 -0.1025 -0.041 -1.8400250244140626 12.520157814025879
6.019999980926514 -0.123 -0.041 -1.8400250244140626 0.3290272057056427
6.0 -0.1025 4.440892098500626e-18 -1.8400250244140626 0.06727322190999985
6.130000114440918 -0.123 -4.440892098500626e-18 -1.8400250244140626 0.03180188685655594
5.989999771118164 -0.123 -0.0205 -1.8400250244140626 0.16634832322597504
5.909999847412109 -0.1025 -0.0205 -1.8400250244140626 0.4892597794532776
5.949999809265137 -0.1025 -0.0615 -1.8400250244140626 0.4745819866657257
6.159999847412109 -0.123 -0.082 -1.8400250244140626 0.04403337836265564
6.139999866485596 -0.1025 -0.082 -1.8400250244140626 0.05871117115020752
6.070000171661377 -0.123 -0.0615 -1.8400250244140626 0.19815020263195038
6.25 -0.164 -0.0615 -1.8400250244140626 0.00978519581258297
6.199999809265137 -0.1435 -0.0615 -1.8400250244140626 0.0366944819688797
6.28000020980835 -0.1435 -0.082 -1.8400250244140626 0.008562046103179455
6.150000095367432 -0.082 -0.082 -1.8400250244140626 0.0489259772002697
6.130000114440918 -0.1435 -0.0205 -1.8400250244140626 0.03547133505344391
6.199999809265137 -0.1435 -4.440892098500626e-18 -1.8400250244140626 0.01100834459066391
6.28000020980835 -0.1435 0.0205 -1.8400250244140626 0.01345464400947094
6.090000152587891 -0.1435 -0.041 -1.8400250244140626 0.04036393016576767
6.230000019073486 -0.0615 -0.1025 -1.8400250244140626 0.02079354040324688
6.239999771118164 -0.1025 -0.1025 -1.8400250244140626 0.00978519581258297
6.25 -0.164 -0.041 -1.8400250244140626 0.02079354040324688
6.329999923706055 -0.1435 -0.1025 -1.8400250244140626 0.01100834459066391
6.190000057220459 -0.1025 0.0205 -1.8400250244140626 0.01100834459066391
6.360000133514404 -0.1025 -0.123 -1.8400250244140626 0.008562046103179455
3.4100000858306885 -0.6804305419921876 -0.73788427734375 -0.2075 12.520157814025879
3.319999933242798 -0.6868726806640625 -0.7021112670898437 -0.1775 0.3290272057056427
3.309999942779541 -0.6716340942382812 -0.7173499145507812 -0.1775 0.06727322190999985
3.4700000286102295 -0.6945018310546875 -0.7531437377929687 -0.1875 0.03180188685655594
3.7799999713897705 -1.0392669677734374 -0.39697683715820314 -0.1375 0.16634832322597504
10.90999984741211 0.05246154403686523 0.796969970703125 -0.7175 0.4892597794532776
3.1500000953674316 -0.883708251953125 -0.2895203857421875 -0.1275 0.4745819866657257
86.68000030517578 -0.6849501342773437 0.40757159423828127 0.7125 0.04403337836265564
3.319999933242798 -0.1353274688720703 0.7888231811523437 0.4625 0.05871117115020752
34.43000030517578 -0.753153564453125 0.753153564453125 1.7525 0.19815020263195038
3.559999942779541 -0.16345271301269532 0.8493875122070312 0.4925 0.00978519581258297
3.7200000286102295 -0.21110043334960937 0.8706705932617187 0.5225 0.0366944819688797
4.510000228881836 0.5035195617675782 0.7434888305664062 0.8925 0.008562046103179455
5.429999828338623 -0.5726751098632813 -0.6939511108398437 1.4125 0.0489259772002697
3.240000009536743 -0.8540242919921875 -0.2732252197265625 -0.1675 0.03547133505344391
6.25 0.7453734130859375 0.297484130859375 1.7025 0.01100834459066391
4.760000228881836 -0.4248970031738281 1.0532574462890625 0.5625 0.01345464400947094
4.429999828338623 -0.3520347900390625 0.986894287109375 0.5625 0.04036393016576767
4.420000076293945 0.8100662231445312 0.18312445068359376 1.0025 0.02079354040324688
73.33999633789062 0.0530061149597168 -1.1273399658203125 1.7325 0.00978519581258297
4.0 -0.841000244140625 0.6321047973632813 -0.5775 0.02079354040324688
3.0799999237060547 -0.20423052978515624 -0.804410888671875 0.3725 0.01100834459066391
2.9600000381469727 -0.86275 0.1032574462890625 -0.1275 0.01100834459066391
6.340000152587891 -0.76784375 0.32977560424804686 1.0725 0.008562046103179455
Clusters

Event
Hits
6.314000129699707 -0.10036902618408203 -0.03695700836181641 -1.149864990234375 0.0
-6.13100004196167 -0.059444721221923826 -0.022487451553344726 -0.649864990234375 0.0
12.732000350952148 0.05484975814819336 0.047904197692871096 0.699864990234375 0.0
1.7289999723434448 0.25482794189453123 -0.16376422119140624 1.349864990234375 0.0
0.8629999756813049 -0.08015499114990235 -0.029205955505371094 -0.899864990234375 0.0
-7.21999979019165 0.09521952056884765 -0.012880377769470215 0.699864990234375 0.0
2.7799999713897705 0.13089088439941407 0.13683871459960936 1.349864990234375 0.0
17.516000747680664 0.09210623931884766 0.08711602783203125 0.999864990234375 0.0
2.26200008392334 -0.28430575561523436 -0.08464288330078125 0.699864990234375 0.0
8.980999946594238 -0.07989167022705078 -0.029812471389770508 -0.899864990234375 0.0
11.710000038146973 0.17802313232421876 -0.07335111236572266 0.999864990234375 0.0
8.383999824523926 -0.04311883544921875 -0.01650274848937988 -0.449864990234375 0.0
4.23199987411499 -0.6377840576171875 -0.052293693542480466 0.96 0.0
3.625 -0.15263638305664062 0.6143262329101562 0.77 0.0
3.631999969482422 -0.1522990264892578 0.6145411376953125 0.77 0.0
3.614000082015991 -0.1492628173828125 0.6164754028320313 0.77 0.0
3.6050000190734863 -0.15440750122070312 0.6131978759765625 0.77 0.0
8.508000373840332 0.1171999969482422 -0.0319375 1.915050048828125 0.0
8.821999549865723 0.19310000610351563 -0.0951875 1.915050048828125 0.0
8.458999633789062 0.11859999847412109 -0.0319375 1.915050048828125 0.0
7.35699987411499 0.18569999694824219 0.2223125 1.914949951171875 0.0
6.51200008392334 0.3283999938964844 -0.3494375 1.914949951171875 0.0
6.196000099182129 0.0884000015258789 0.0319375 1.925050048828125 0.0
6.53000020980835 -0.54422509765625 -0.07705106353759765 0.8901008911132813 0.0
14.529999732971191 -0.25 0.0 4.38814990234375 0.00042810229933820665
12.3100004196167 -0.22 0.06 3.63935009765625 0.0002568613854236901
12.710000038146973 0.05 -0.06 3.826550048828125 0.0011436446802690625
15.449999809265137 0.08 -0.15 4.6689501953125 0.0004525652911979705
13.380000114440918 -0.19 -0.09 3.87335009765625 0.0003180188359692693
13.630000114440918 -0.13 -0.18 4.083949951171875 0.00027520861476659775
11.829999923706055 0.17 0.06 3.615949951171875 0.0018286083359271288
11.890000343322754 0.17 0.06 3.63935009765625 0.018726417794823647
11.989999771118164 0.14 0.09 3.63935009765625 0.0008439730736427009
11.979999542236328 0.17 0.12 3.63935009765625 0.00024462988949380815
12.0 0.17 0.03 3.615949951171875 0.0002874401106964797
73.08999633789062 0.14 0.06 3.63935009765625 0.0005504172295331955
11.819999694824219 0.17 0.09 3.615949951171875 0.01278191152960062
11.979999542236328 0.2 0.09 3.615949951171875 0.013515801168978214
12.0 0.14 0.06 3.66275 0.0016818305011838675
15.600000381469727 0.2 0.12 3.709550048828125 0.0009662880329415202
11.979999542236328 0.17 0.09 3.66275 0.002574729500338435
11.90999984741211 0.2 0.09 3.63935009765625 0.0018530713859945536
154.80999755859375 0.08 -0.06 3.68614990234375 0.0007828156230971217
47.81999969482422 0.17 0.0 3.66275 0.0011803391389548779
12.050000190734863 0.2 0.06 3.66275 0.0002568613854236901
19.270000457763672 0.11 0.21 3.615949951171875 0.00046479678712785244
12.130000114440918 0.17 0.09 3.709550048828125 0.0008011628524400294
11.890000343322754 0.17 0.09 3.63935009765625 0.006030126474797726
11.970000267028809 0.17 0.06 3.66275 0.001443316345103085
11.989999771118164 0.17 0.03 3.63935009765625 0.0013210013275966048
18.719999313354492 -0.34 -0.18 3.615949951171875 0.0002996716066263616
15.15999984741211 0.02 0.18 3.732949951171875 0.0017552194185554981
16.969999313354492 -0.16 -0.15 3.80314990234375 0.000409755069995299
2971.0 0.14 -0.06 3.732949951171875 0.0002507456229068339
12.0600004196167 0.17 0.09 3.68614990234375 0.002366794040426612
12.619999885559082 0.17 0.03 3.80314990234375 0.0006421534344553947
14.100000381469727 0.17 -0.03 3.80314990234375 0.0006910794181749225
23.530000686645508 0.14 0.03 3.75635009765625 0.0010702557628974319
12.229999542236328 0.17 0.06 3.709550048828125 0.0002507456229068339
43.709999084472656 0.08 0.12 3.66275 0.0011252975091338158
20.850000381469727 0.17 0.12 3.75635009765625 0.0003730605822056532
30.399999618530273 0.17 -0.03 3.849949951171875 0.0002507456229068339
16.850000381469727 0.11 0.15 3.68614990234375 0.000269092881353572
169.89999389648438 -0.1 0.27 3.77975 0.00034859759034588933
169.91000366210938 -0.07 0.27 3.77975 0.0008806675905361772
12.170000076293945 0.2 0.12 3.68614990234375 0.00037917631561867893
13.890000343322754 0.34895001220703126 0.0985999984741211 3.511 0.042724609375
13.34000015258789 0.32402499389648437 0.07394999694824218 3.511 0.03662109375
21.65999984741211 0.24925 -0.9367000122070313 3.511 0.03662109375
12.170000076293945 0.2991000061035156 -0.9613499755859375 3.511 0.152587890625
12.239999771118164 0.2741749877929687 -0.9613499755859375 3.511 0.15869140625
12.270000457763672 0.2741749877929687 -0.986 3.511 0.164794921875
12.34000015258789 0.24925 -0.9613499755859375 3.511 0.067138671875
18.040000915527344 1.1714749755859375 0.7887999877929688 3.511 0.08544921875
16.610000610351562 -0.4985 0.493 3.511 0.347900390625
6.099999904632568 -0.1435 -0.0615 -1.8400250244140626 5.495610237121582
6.159999847412109 -0.164 -0.041 -1.8400250244140626 0.9760732650756836
6.25 -0.1845 -0.041 -1.8400250244140626 0.17980296909809113
6.349999904632568 -0.1845 -0.0205 -1.8400250244140626 0.04403337836265564
6.289999961853027 -0.164 -0.0205 -1.8400250244140626 0.05993432179093361
6.329999923706055 -0.1845 -0.082 -1.8400250244140626 0.11252974718809128
6.300000190734863 -0.1845 -0.0615 -1.8400250244140626 0.22995209693908691
6.139999866485596 -0.1435 -0.041 -1.8400250244140626 0.6996414661407471
6.170000076293945 -0.164 -0.0615 -1.8400250244140626 8.063000679016113
6.429999828338623 -0.205 -0.0615 -1.8400250244140626 0.04158708080649376
6.409999847412109 -0.205 -0.082 -1.8400250244140626 0.04525652900338173
6.480000019073486 -0.164 -0.123 -1.8400250244140626 0.008562046103179455
6.239999771118164 -0.164 -0.082 -1.8400250244140626 0.3278040587902069
6.269999980926514 -0.123 -0.082 -1.8400250244140626 0.04158708080649376
6.510000228881836 -0.205 -0.0205 -1.8400250244140626 0.02323983982205391
6.340000152587891 -0.205 -0.041 -1.8400250244140626 0.03057873621582985
6.429999828338623 -0.1435 -0.1025 -1.8400250244140626 0.05259542539715767
6.559999942779541 -0.1025 -0.123 -1.8400250244140626 0.008562046103179455
6.21999979019165 -0.1435 -0.082 -1.8400250244140626 0.18591871857643127
6.329999923706055 -0.164 -0.1025 -1.8400250244140626 0.04647967964410782
6.46999979019165 -0.1845 -0.1025 -1.8400250244140626 0.01834724098443985
6.440000057220459 -0.1845 0.0 -1.8400250244140626 0.01467779278755188
6.21999979019165 -0.123 -0.0615 -1.8400250244140626 0.09907510131597519
6.269999980926514 -0.1435 -0.0205 -1.8400250244140626 0.04403337836265564
6.360000133514404 -0.123 -0.0205 -1.8400250244140626 0.02446298860013485
6.460000038146973 -0.1435 -4.440892098500626e-18 -1.8400250244140626 0.03547133505344391
6.260000228881836 -0.123 -0.041 -1.8400250244140626 0.10641399770975113
6.329999923706055 -0.1025 -0.082 -1.8400250244140626 0.01100834459066391
6.480000019073486 -0.123 -0.1025 -1.8400250244140626 0.01712409220635891
6.309999942779541 -0.1025 -0.0615 -1.8400250244140626 0.01100834459066391
6.440000057220459 -0.1025 -0.041 -1.8400250244140626 0.03547133505344391
6.409999847412109 -0.164 8.881784197001253e-18 -1.8400250244140626 0.02079354040324688
6.400000095367432 -0.205 -0.1025 -1.8400250244140626 0.01100834459066391
6.579999923706055 -0.123 -4.440892098500626e-18 -1.8400250244140626 0.00978519581258297
7.630000114440918 -0.9582122192382813 0.2988112487792969 1.4925 5.495610237121582
27.5 0.7684081420898438 -0.7378990478515625 1.7725 0.9760732650756836
4.389999866485596 6.532066554321148e-16 0.86275 0.1125 0.17980296909809113
6.670000076293945 -1.0515030517578126 0.27117803955078124 1.4025 0.04403337836265564
5.699999809265137 -0.928530029296875 0.11205635070800782 1.2225 0.05993432179093361
11.470000267028809 -0.1032574462890625 -0.86275 -2.5675 0.11252974718809128
17.610000610351562 0.6954424438476563 0.3893984069824219 1.5625 0.22995209693908691
6.21999979019165 -1.0102247314453126 0.18483120727539062 1.3125 0.6996414661407471
14.859999656677246 0.5264469604492188 0.6006387939453125 0.5825 8.063000679016113
2477.14990234375 0.8273402709960938 0.4898446350097656 -2.2275 0.04158708080649376
20.260000228881836 -1.09498876953125 0.34928689575195315 1.5025 0.04525652900338173
5.300000190734863 -0.86275 0.0619544677734375 1.1625 0.008562046103179455
10.100000381469727 0.32977560424804686 -0.76784375 -2.5075 0.3278040587902069
4.960000038146973 -0.796969970703125 0.0104923095703125 1.0925 0.04158708080649376
9.680000305175781 -1.0662001953125 0.29646075439453123 1.4525 0.02323983982205391
9.819999694824219 0.0509347038269043 -0.928530029296875 -1.1975 0.03057873621582985
13.6899995803833 -1.12852001953125 0.22414628601074219 1.3425 0.05259542539715767
10.430000305175781 0.5116086120605469 0.6154771728515624 -2.4375 0.008562046103179455
19.5 0.11205635070800782 0.928530029296875 -1.4575 0.18591871857643127
6.840000152587891 -1.0715867919921875 0.2763575439453125 1.4225 0.04647967964410782
101.88999938964844 -0.7670982666015626 0.21640580749511718 -2.4875 0.01834724098443985
153.64999389648438 -0.796969970703125 -0.05246154403686523 -0.8075 0.01467779278755188
15.40999984741211 0.22414628601074219 1.12852001953125 -0.4075 0.09907510131597519
9.15999984741211 -0.6534732055664062 0.46209124755859377 -2.2075 0.04403337836265564
5.059999942779541 -0.796969970703125 0.031476926803588864 1.1025 0.02446298860013485
11.430000305175781 -0.7132171630859375 -0.4243916015625 1.6525 0.03547133505344391
9.920000076293945 -0.36762200927734373 -0.7459931030273438 -0.9475 0.10641399770975113
5.119999885559082 -0.8298599853515625 0.032775943756103515 1.1325 0.01100834459066391
5.5 -0.8956400146484375 0.08575508880615235 1.1925 0.01712409220635891
5.590000152587891 -0.8956400146484375 0.10719385528564453 1.2025 0.01100834459066391
6.46999979019165 -1.0399940185546874 0.2339971466064453 1.3625 0.03547133505344391
6.230000019073486 -1.004858642578125 0.2048577880859375 1.3125 0.02079354040324688
6.400000095367432 -1.0197432861328124 0.22944075012207032 1.3425 0.01100834459066391
6.079999923706055 -0.9682156982421875 0.1813446044921875 1.2825 0.00978519581258297
Clusters
