ePIC Detector (sides, rmin1 (vertex), rmax1, rmin2, rmax2, lengthOut, lengthIn, offset, offsetIn, angle (deg), R, G, B)
16 3.748 23.4506 3.748 23.4506 2.5 2.5 -25 0 0 1 0 0
tracker 1
16 3.748 23.4506 3.748 23.4506 2.5 2.5 25 0 0 1 0 0
tracker -2
16 3.748 43.8424 3.748 43.8424 2.5 2.5 -45 0 0 1 0 0
tracker 2
16 3.748 43.8424 3.748 43.8424 2.5 2.5 45 0 0 1 0 0
tracker -3
16 3.748 43.8424 3.748 43.8424 2.5 2.5 -65 0 0 1 0 0
tracker 3
16 3.9173 43.8424 3.9173 43.8424 2.5 2.5 70 0 0 1 0 0
tracker -4
16 4.0846 43.8424 4.0846 43.8424 2.5 2.5 -90 0 0 1 0 0
tracker 4
16 5.5496 43.8424 5.5496 43.8424 2.5 2.5 100 0 0 1 0 0
tracker -5
16 4.7261 43.8424 4.7261 43.8424 2.5 2.5 -115 0 0 1 0 0
Ecal Endcap N
8 5.582 70.3556 5.582 70.3556 60 60 -205.099 0 0 0 1 0
Cherenkov Counter
24 8.069 63.5436 8.069 63.5436 42.7 42.7 -151.35 0 0 0.5 0.5 0.5
Avalanche Disk Detector
24 8.069 67.5781 8.069 67.5781 15 15 187.5 0 7.5 0 1 0
RICH 1
6 15 110 15 120 20 20 205 0 0 1 0 0
RICH 2
24 15.1294 186.5964 15.1294 186.5964 100 100 265 0 0 1 0 0
Barrel TOF
24 63.5436 66.5695 63.5436 66.5695 270 270 0 0 0 0.5 0.5 0.5
DIRC barrel
11 70.6916 80.7342 70.6916 80.7342 458 458 -44 0 0 1 0 0
DIRC cone
11 75.9146 101.884 75.9146 80.7342 29.8 29.8 -287.275 0 0 1 0 0
Ecal Barrel center
24 79.4436 134.932 79.4436 134.932 407.2025 407.2025 -48.1992 0 0 0 1 0
Solenoid
24 143.2253 178.5273 143.2253 178.5273 384 384 -10 0 0 0.5 0.5 0.5
Ecal Endcap P
24 18.0568 196.6835 18.0568 196.6835 30 30 344.6 0 0 0 1 0
Hcal Barrel Center
24 184.8817 196.9852 184.8817 196.9852 299.2 299.2 0 0 0 0 0 1
Hcal Collar
24 196.6827 269.3039 196.6827 269.3039 30 30 344.6 0 0 0 0 1
Hcal Barrel
24 196.6827 269.3039 196.6827 269.3039 639.2 639.20 0 0 0 0 0 1
Hcal Endcap N
24 12.507 269.3039 12.507 269.3039 45 45 -352.1 0 0 0 0 1
Hcal Endcap P
24 17.6503 269.3046 17.6503 269.3046 140 140 429.6 0 0 0 0 1