0.16074180603027344 -0.18618109130859375 2.53483984375 121.31038665771484
0.15668006896972655 -0.17904916381835936 2.534840087890625 0.46439793705940247
0.17252803039550782 -0.16825093078613282 2.534840087890625 32.98431396484375
0.187231689453125 -0.22489161682128905 2.534840087890625 548.9243774414062
0.03415811157226562 0.8461734008789062 2.534840087890625 1.1398857831954956
-0.06548255157470703 0.4607516174316406 2.534840087890625 4.28814172744751
-0.045198108673095705 0.46618682861328126 2.534840087890625 0.6694567799568176
-0.03397233200073242 0.5054293823242187 2.534840087890625 0.7357993125915527
-0.027210853576660157 0.5072411499023437 2.534840087890625 0.43424221873283386
-0.13125456237792968 0.318769775390625 2.534840087890625 1.5500035285949707
-0.14203871154785155 -0.18662129211425782 2.534840087890625 0.7116747498512268
0.23070098876953124 -0.23893157958984376 2.534840087890625 1.966152310371399
0.30446551513671877 -0.18293177795410157 2.534840087890625 2.623546838760376
0.2275838623046875 -0.2485628662109375 2.534840087890625 3.057788848876953
0.21950807189941407 -0.2038919677734375 2.53483984375 2.593390941619873
0.305983154296875 -0.22238325500488282 2.534840087890625 1.2001972198486328
0.2764097595214844 -0.21943702697753906 2.534840087890625 14.39633560180664
0.2917970275878906 -0.2370548095703125 2.534840087890625 3.3895018100738525
0.21059423828125 -0.20446104431152343 2.534840087890625 4.438920497894287
0.22326481628417968 -0.21412449645996093 2.534840087890625 34.769535064697266
0.23523260498046875 -0.2087296142578125 2.534840087890625 19.257436752319336
0.20357501220703125 -0.2010405731201172 2.53484033203125 22.79771614074707
0.1970712890625 -0.20808450317382812 2.534840087890625 1.3570069074630737
0.2118760986328125 -0.22948182678222656 2.534840087890625 0.7780172824859619
0.33061923217773437 -0.2737575073242188 2.534840087890625 0.8745155930519104
0.3175166931152344 -0.251904052734375 2.534840087890625 0.31361937522888184
0.30828033447265624 -0.2580024108886719 2.534840087890625 1.0916366577148438
0.24174908447265625 -0.2395947265625 2.534840087890625 0.3498062193393707
0.08046320343017578 -0.22853875732421874 2.534840087890625 2.9612905979156494
0.16302114868164064 -0.20271434020996093 2.534840087890625 0.47042906284332275
0.24899601745605468 -0.26664065551757815 2.534840087890625 0.30155709385871887
0.24199180603027343 -0.2540235595703125 2.534840087890625 0.5910519361495972
0.1323205108642578 -0.25804562377929685 2.53483984375 1.5680968761444092
0.2379479217529297 -0.26597750854492186 2.534840087890625 0.34377509355545044
0.22696012878417968 -0.2884473571777344 2.534840087890625 21.45277214050293
0.2114142303466797 -0.2721635131835938 2.534839599609375 24.202972412109375
0.2253308410644531 -0.27298171997070314 2.534840087890625 1.3570069074630737
0.19828489685058595 -0.2802286682128906 2.534840087890625 0.43424221873283386
0.1716144561767578 -0.23847187805175782 2.534840087890625 34.10610580444336
0.17824319458007812 -0.3000926818847656 2.534840087890625 0.8986401557922363
0.21176885986328126 -0.24941365051269532 2.534840087890625 0.99513840675354
0.22351910400390626 -0.2662202453613281 2.534840087890625 0.7297681570053101
0.2330572967529297 -0.28178182983398437 2.534840087890625 3.8418374061584473
0.19200886535644532 -0.31089804077148436 2.534840087890625 3.865962028503418
0.18639599609375 -0.33051934814453127 2.534840087890625 1.7490311861038208
0.1781781463623047 -0.2457581024169922 2.534840087890625 0.9227647185325623
0.16483287048339842 -0.209475830078125 2.534840087890625 0.5247093439102173
0.20420556640625 -0.3293707580566406 2.534840087890625 1.9239342212677002
0.19314283752441405 -0.3016070861816406 2.534840087890625 12.78602123260498
0.19375558471679688 -0.263324951171875 2.534840087890625 7.189121246337891
0.17594601440429689 -0.26447354125976563 2.534840087890625 0.7659550309181213
0.24865901184082032 -0.3113592529296875 2.534840087890625 9.667920112609863
0.2620985412597656 -0.28849407958984374 2.534840087890625 0.9589515924453735
0.19936631774902344 -0.27074163818359376 2.53483984375 2.442612409591675
0.1447630615234375 -0.17053814697265626 2.53483984375 17.954710006713867
-0.8973295288085937 0.453357666015625 2.53483984375 59.58768081665039
-0.9281907958984374 0.4593177490234375 2.53483984375 161.83363342285156
-0.9833140869140625 0.4781258544921875 2.53483984375 1.0976678133010864
-0.9609932250976563 0.6519927368164062 2.534840087890625 0.8383287191390991
-1.096110107421875 0.7099984741210937 2.534840087890625 0.31361937522888184
-0.9109927978515625 0.5059577941894531 2.534840087890625 1.06148099899292
-1.477067626953125 0.8470699462890625 2.534840087890625 0.9107024073600769
-0.9848212890625 0.4594551086425781 2.534840576171875 463.5294494628906
-0.6804869384765625 0.4300299377441406 2.534840087890625 2.834636688232422
-0.726280517578125 0.4596076354980469 2.534840087890625 1.3328824043273926
-0.7697775268554687 0.4387157897949219 2.534840087890625 0.7116747498512268
-0.7627733154296875 0.42609869384765625 2.534840087890625 0.9107024073600769
2.0135125732421875 0.7750443725585937 2.534840087890625 2.050588369369507
-0.8612352294921874 0.37435165405273435 2.534840087890625 1.085605502128601
-0.7816188354492187 0.537 2.534840087890625 3.8116817474365234
-1.2091181640625 1.321071533203125 2.534840087890625 0.4824913442134857
-0.9336220703125 0.3875668334960938 2.534840087890625 0.40408650040626526
-1.1430560302734376 0.8387344970703124 2.534840087890625 3.9262733459472656
-1.0828580322265624 0.3771724853515625 2.534839599609375 67.09645080566406
-0.4508427734375 -1.562942626953125 2.534840087890625 3.5945606231689453
-0.5134970703125 -1.4508204345703124 2.534840087890625 6.555851459503174
-0.4571850280761719 -1.410586181640625 2.534840087890625 6.453321933746338
-0.8657645874023437 0.39125537109375 2.534840087890625 0.5608962178230286
-1.028230712890625 0.43234100341796877 2.534840087890625 4.221799373626709
-0.9034381713867188 0.41014846801757815 2.534840087890625 0.3256816565990448
-0.8785707397460938 0.4059412841796875 2.53483984375 6.254294395446777
-0.8798380126953125 0.4708240966796875 2.534840087890625 0.639301061630249
-0.9527103271484375 0.51289697265625 2.534840087890625 0.30758824944496155
-0.960235595703125 0.4529051513671875 2.534840087890625 1.0976678133010864
-0.5233562622070312 0.6279420166015625 2.534840087890625 0.6875501871109009
-0.5847703857421875 0.6078627319335937 2.534840087890625 2.557204246520996
-0.9688825073242188 0.4380226745605469 2.534840087890625 3.473937749862671
-1.023826416015625 0.37261712646484374 2.53483984375 2.2496159076690674
-0.9197437744140625 0.4710018310546875 2.534840087890625 0.3196505308151245
1.51959228515625 -0.06560122680664063 2.53483984375 5.922581195831299
-1.017175048828125 0.48302334594726565 2.534840087890625 1.369069218635559
-0.9944754638671875 0.37126123046875 2.534840087890625 0.37996193766593933
-0.9103123168945313 0.31409640502929687 2.534840087890625 5.277249336242676
-1.059307373046875 0.5185570068359375 2.534840087890625 4.981723308563232
-0.9832496337890625 0.41050384521484373 2.534840087890625 0.5367716550827026
-0.808907470703125 0.544181884765625 2.534840087890625 0.3920242190361023
-1.0336529541015624 0.3281524658203125 2.534840087890625 0.8142041563987732
-1.04426904296875 0.32720327758789064 2.534840087890625 7.599238872528076
-1.03400830078125 0.24834095764160155 2.534840087890625 1.8214048147201538
-0.8095706787109375 0.5331337890625 2.534840087890625 0.40408650040626526
-0.91086279296875 0.39728863525390623 2.534840087890625 4.4871697425842285
-0.9964901123046875 0.41934906005859374 2.53483984375 4.788726806640625
-0.9903507080078126 0.44340625 2.53483984375 34.685096740722656
-0.97335009765625 0.4276502685546875 2.534840087890625 0.8986401557922363
-1.0240533447265625 0.5026475524902344 2.534840087890625 1.634439468383789
-1.015067626953125 0.4345894775390625 2.534840087890625 0.621207594871521
-1.068027099609375 0.3938533630371094 2.534840087890625 15.910152435302734
-1.0946531982421874 0.3575782470703125 2.534840087890625 22.40569305419922
-1.0783306884765624 0.35966265869140623 2.534840087890625 7.605269908905029
-1.12155224609375 0.3045999145507812 2.534840087890625 6.754878997802734
-0.8720579833984375 0.5634954223632812 2.534840087890625 10.644965171813965
-0.83944677734375 0.44178878784179687 2.534840087890625 3.618685245513916
-0.9806795043945312 0.7119402465820313 2.534840087890625 1.2001972198486328
-1.0360325927734375 0.621015625 2.534840087890625 0.3920242190361023
-0.879677734375 0.7136392822265625 2.534840087890625 2.949228286743164
-0.8704413452148437 0.7197376708984375 2.534840087890625 2.5029239654541016
-0.79273193359375 0.5919977416992187 2.534840087890625 28.997730255126953
-0.7623671875 0.6346915283203125 2.534840087890625 6.646318435668945
-0.8123533325195312 0.597610595703125 2.534840087890625 0.9649826884269714
-0.8367466430664062 0.6345559692382813 2.534840087890625 1.9721834659576416
-1.1895223388671874 0.20667109680175783 2.534840087890625 3.733276844024658
-1.206183349609375 0.1877129364013672 2.534840087890625 0.6453321576118469
-1.165194091796875 0.22406024169921876 2.534840087890625 0.7116747498512268
-1.097626953125 0.09360269165039062 2.534840087890625 0.639301061630249
-1.1534178466796876 0.18011061096191405 2.534840087890625 1.2966954708099365
-1.0144520263671875 0.2970626525878906 2.534840087890625 1.6706262826919556
-1.2918980712890624 0.03430094528198242 2.534840087890625 0.33774393796920776
-1.1886436767578126 -0.12115906524658203 2.53483984375 5.976861476898193
-1.297268310546875 0.00025081411004066465 2.534840087890625 4.0649895668029785
-1.2777769775390626 0.10330707550048829 2.534840087890625 0.30155709385871887
-1.1484505615234375 -0.014225625038146972 2.534840087890625 0.7418304681777954
-1.1600841064453125 0.47544866943359376 2.534840087890625 1.8334671258926392
-1.1489534912109376 0.21754148864746095 2.534840087890625 0.6031141877174377
-1.0687764892578124 0.10133314514160156 2.534840087890625 3.7031211853027344
-1.0244339599609376 0.5371602783203125 2.534840087890625 0.30758824944496155
-0.8436810302734375 0.8030008544921875 2.53483984375 5.283280372619629
-1.03282958984375 0.5820157470703125 2.534840087890625 0.30758824944496155
-1.0039069213867187 0.5281666259765625 2.534840087890625 0.3317128121852875
-0.9723966064453125 0.5728444213867188 2.534840087890625 0.385993093252182
-0.9622544555664062 0.57556201171875 2.534840087890625 0.33774393796920776
-1.0238359375 0.6025429077148438 2.534840087890625 0.30155709385871887
-1.09078759765625 0.5954736328125 2.534840087890625 0.3196505308151245
-1.1054146728515626 0.5625665893554688 2.53483984375 12.8222074508667
-1.0126952514648437 0.614032470703125 2.53483984375 11.664228439331055
-0.9832670288085937 0.613413330078125 2.534840087890625 3.4980623722076416
-0.9591640625 0.44232183837890626 2.534840087890625 4.855069160461426
-0.9498641967773438 0.4140906677246094 2.534840087890625 12.001972198486328
-0.93909423828125 0.4150882873535156 2.53483984375 11.953722953796387
-0.6087806396484375 0.6086760864257813 2.534840087890625 1.4293806552886963
-0.708941650390625 0.6579308471679688 2.534840087890625 1.634439468383789
-0.6764605102539063 0.6448933715820313 2.534840087890625 1.7309377193450928
-0.9678499145507813 0.35303125 2.534840087890625 0.3618685007095337
-0.9363396606445312 0.39770907592773436 2.534840087890625 2.4365813732147217
-0.9947181396484375 0.3856900634765625 2.534840087890625 2.0324947834014893
-0.9441846923828126 0.35937234497070314 2.534840087890625 0.37996193766593933
-0.9584358520507813 0.39903533935546875 2.534840087890625 0.6815190315246582
-0.9851740112304688 0.3230250244140625 2.534840087890625 0.8805467486381531
-0.6473125 0.77952490234375 2.534840087890625 0.3618685007095337
-0.6566138916015625 0.8277611083984375 2.534840087890625 4.505262851715088
-0.8201158447265625 0.30202981567382814 2.534840087890625 0.31361937522888184
-0.8685947875976563 0.3071572570800781 2.534840087890625 0.31361937522888184
-0.81738818359375 0.35189425659179685 2.53483984375 1.9842456579208374
-0.92942724609375 0.41958114624023435 2.53483984375 1.7128442525863647
-1.015665771484375 0.369206787109375 2.534840087890625 1.5801591873168945
-1.0032739868164062 0.18773036193847656 2.534840087890625 0.4282110631465912
-0.9892178955078125 0.311071044921875 2.534840087890625 0.6031141877174377
-0.9606029663085938 0.3259853210449219 2.534840087890625 0.36789965629577637
-0.9986493530273437 0.4679764404296875 2.534840087890625 17.399845123291016
-1.0196458129882813 0.4732208251953125 2.53483984375 21.04868507385254
-1.036986083984375 0.4758214721679688 2.534840087890625 19.37805938720703
-1.1058995361328126 0.4969027404785156 2.534840087890625 68.99626159667969
-1.098099609375 0.6768541259765625 2.534840087890625 0.9227647185325623
-1.055476318359375 0.6665342407226562 2.534840087890625 2.8828859329223633
-1.07600341796875 0.6755278930664063 2.534840087890625 1.2062283754348755
-1.0473709716796875 0.48753268432617186 2.534840087890625 0.37393081188201904
-1.2742059326171875 0.6985125122070313 2.534840087890625 0.47042906284332275
-1.2421451416015625 0.659998046875 2.534840087890625 0.41011765599250793
-1.079737548828125 0.5078478088378906 2.53483984375 1.8033114671707153
-1.0769962158203126 0.467088623046875 2.534840087890625 400.2386474609375
-1.0354171142578126 0.48348883056640624 2.534840087890625 1.4715986251831055
-0.7645026245117188 0.17561614990234375 2.534840087890625 0.385993093252182
-0.7818917236328125 0.1999444580078125 2.534840087890625 0.4221799373626709
-0.9079674682617187 0.42705218505859377 2.534840087890625 0.4282110631465912
-1.034931640625 0.45463116455078123 2.534840087890625 3.9986472129821777
-1.0477913818359375 0.4620557861328125 2.534840087890625 3.2206296920776367
-0.9451080322265625 0.5656625366210938 2.534840087890625 0.4523356556892395
-0.938103759765625 0.55304541015625 2.534840087890625 1.1459169387817383
-1.0579678955078125 0.4841593017578125 2.53483984375 47.42890167236328
-1.080515380859375 0.4895221252441406 2.534840087890625 47.12131118774414
-1.1402850341796875 0.5097415466308594 2.534840087890625 76.07682800292969
-1.156525634765625 0.5162603149414062 2.534840087890625 66.04100036621094
-1.165098876953125 0.5212100219726562 2.534840087890625 28.0146541595459
-1.060061767578125 0.5022495727539062 2.534840087890625 15.94633960723877
-1.1514241943359376 0.4431295166015625 2.534840087890625 4.1313323974609375
-1.0772471923828124 0.39618768310546876 2.534840087890625 2.768294095993042
-0.9648419799804687 0.4770350952148438 2.534840087890625 0.39805537462234497
-1.168517822265625 0.4188368835449219 2.534840087890625 1.2363841533660889
-1.14691650390625 0.3992606506347656 2.534840087890625 2.412456750869751
-1.100006591796875 0.38646588134765625 2.534840087890625 2.629577875137329
-1.1283291015625 0.4793583068847656 2.534840087890625 67.12057495117188
-1.083731689453125 0.4814133605957031 2.534840087890625 0.8684844374656677
-1.059923095703125 0.4261939086914063 2.534840087890625 0.43424221873283386
-1.0379293212890626 0.46299249267578124 2.53483984375 46.427730560302734
-1.144021240234375 0.429024169921875 2.534840087890625 2.527048349380493
-1.024481689453125 0.3885853881835937 2.534840087890625 1.6947509050369263
-1.0714566650390625 0.4557147216796875 2.534840087890625 3.829775094985962
-1.183086181640625 0.4801556701660156 2.534840087890625 0.47646021842956543
-1.125613525390625 0.495555419921875 2.534840087890625 1.3751003742218018
-1.151575927734375 0.52483349609375 2.534840087890625 0.36789965629577637
-1.1418541259765624 0.5020741882324219 2.534840087890625 0.9348269701004028
-1.144086181640625 0.4833587646484375 2.534840087890625 0.6875501871109009
-1.0870340576171875 0.47328155517578124 2.534840087890625 2.5029239654541016
-1.1386510009765625 0.4630743103027344 2.534840087890625 1.4233494997024536
-1.1152188720703125 0.4567618103027344 2.53483984375 10.283097267150879
-1.16406298828125 0.4091601257324219 2.534840087890625 2.810512065887451
-1.1859814453125 0.45039218139648435 2.534840087890625 0.9770449995994568
-1.17765087890625 0.4598712463378906 2.534840087890625 0.5428027510643005
-1.2013807373046874 0.45895321655273436 2.534840087890625 20.873783111572266
-1.116706787109375 0.46650845336914065 2.534840087890625 18.455293655395508
-1.126033935546875 0.4700784912109375 2.534840087890625 0.4282110631465912
-1.1111197509765625 0.44146356201171877 2.534840087890625 3.757401466369629
-1.060165771484375 0.4406227416992187 2.534840087890625 1.3389135599136353
-1.0263583984375 0.449681396484375 2.534840087890625 0.639301061630249
-0.11343311309814454 1.3428995361328124 2.534840087890625 6.187951564788818
-0.47084619140625 0.08037474060058594 2.534840087890625 15.343225479125977
0.24885008239746093 -0.16724200439453124 2.534840087890625 4.8430070877075195
0.199348388671875 -0.14225196838378906 2.534840087890625 3.2568166255950928
1.4727669677734374 1.4273148193359375 2.534840087890625 1.0494186878204346
1.4364847412109376 1.413969482421875 2.534840087890625 1.2122595310211182
0.7422589721679688 0.13728874206542968 2.534840087890625 0.6875501871109009
0.6635960693359375 0.11983454895019531 2.534840087890625 0.8021419048309326
0.6335798950195313 -0.8609654541015626 2.53483984375 582.8495483398438
0.6832394409179687 -0.8459910888671875 2.534840087890625 0.5669273138046265
1.0073444213867186 -0.224373291015625 2.534840087890625 2.9251039028167725
0.739676025390625 -0.71854150390625 2.534840087890625 0.3317128121852875
0.6842579345703125 -0.7551314697265625 2.534840087890625 2.159148693084717
0.4727276611328125 -0.8987740478515625 2.534840087890625 0.30758824944496155
0.3048844909667969 -0.7321556396484376 2.53483984375 7.955076217651367
0.3475577697753906 -0.675047119140625 2.534840087890625 0.6091453433036804
0.594013916015625 -0.8916397705078125 2.534840087890625 0.4523356556892395
0.6505155639648438 -0.8185247192382813 2.534840087890625 4.179581165313721
0.59280029296875 -0.8194956665039063 2.534840087890625 0.7177059054374695
0.6246182250976563 -0.8435812377929688 2.534840087890625 0.3317128121852875
0.6705096435546875 -0.947235595703125 2.534840087890625 0.3558373749256134
0.6332565307617187 -0.9028655395507813 2.534840087890625 0.6151764988899231
0.6049969482421875 -0.8379683837890625 2.534840087890625 15.270851135253906
0.6027647705078125 -0.856683837890625 2.534840087890625 1.0192630290985107
0.568471923828125 -0.836884765625 2.534840087890625 36.090354919433594
0.652392333984375 -0.879620849609375 2.534840087890625 21.47086524963379
0.67070654296875 -0.88655712890625 2.53483984375 86.1307373046875
0.6006627197265625 -0.984068359375 2.534840087890625 0.39805537462234497
0.6279513549804687 -0.991250244140625 2.534840087890625 3.576467275619507
0.60876025390625 -0.7843985595703125 2.53483984375 25.78916358947754
0.6016453247070312 -0.7651760864257813 2.534840087890625 78.37468719482422
0.5992539672851562 -0.7489205322265625 2.534840087890625 0.6272387504577637
0.5755465087890625 -0.7312872924804688 2.534840087890625 8.009356498718262
0.6559508056640625 -0.8388091430664063 2.534840087890625 8.787373542785645
0.6639768676757812 -0.8309357299804687 2.534840087890625 45.43259048461914
0.6739680786132812 -0.8249129638671875 2.53483984375 29.317380905151367
0.6873658447265625 -0.8144160766601563 2.534839599609375 68.90579986572266
0.7067650146484376 -0.7922113037109375 2.534840087890625 36.771873474121094
0.8322550659179687 -0.6989309692382812 2.53483984375 4.7344465255737305
0.71890771484375 -0.7847939453125 2.534840087890625 13.594193458557129
0.7667870483398438 -0.7656290893554687 2.534840087890625 0.37996193766593933
0.7375089111328125 -0.7915914306640625 2.534840087890625 0.6272387504577637
0.74517626953125 -0.7931604614257812 2.534840087890625 7.695736885070801
0.7082308959960938 -0.8175538330078125 2.534840087890625 4.5233564376831055
0.7050928955078125 -0.8328885498046875 2.534840087890625 0.4161487817764282
0.7806177978515625 -0.8307689819335937 2.534840087890625 1.507785439491272
0.7704755249023437 -0.833486572265625 2.534840087890625 0.8745155930519104
0.7268812255859375 -0.7654513549804688 2.534840087890625 4.294173240661621
0.75941845703125 -0.716875 2.534840087890625 13.944000244140625
0.7065968627929687 -0.7708865966796875 2.534840087890625 0.4221799373626709
0.7219315795898438 -0.774024658203125 2.534840087890625 0.5789896249771118
0.7286929931640626 -0.772212890625 2.534840087890625 7.4725847244262695
0.695418701171875 -0.6615543212890626 2.534840087890625 0.39805537462234497
0.773979248046875 -0.7614834594726563 2.534840087890625 13.744972229003906
0.81659228515625 -0.7486603393554687 2.534840087890625 0.37393081188201904
0.7030383911132813 -0.8116982421875 2.534840087890625 7.532896041870117
0.695661376953125 -0.6759830932617188 2.534840087890625 1.0735433101654053
0.7391476440429687 -0.7830386352539063 2.53483984375 25.216203689575195
0.7097999267578124 -0.809886474609375 2.534840087890625 1.0916366577148438
0.739637939453125 0.9518665161132812 2.534840087890625 21.826702117919922
0.74895068359375 0.9507383422851563 2.534840087890625 15.753342628479004
0.7592648315429688 0.9491937866210938 2.534840087890625 610.9244995117188
0.9187808837890625 0.8984105834960937 2.534840087890625 0.8262664675712585
0.9120194702148438 0.8965988159179688 2.534840087890625 1.6766574382781982
0.9252996826171875 0.914651123046875 2.534840087890625 0.6694567799568176
0.7276953125 1.0030184936523439 2.534840087890625 1.435411810874939
0.7417037353515625 0.9777842407226562 2.534840087890625 0.5910519361495972
0.747138916015625 0.9574998168945312 2.534840087890625 1.1941660642623901
-0.43974365234375 0.6539694213867188 2.534840087890625 0.7659550309181213
0.5797789306640625 1.77141748046875 2.534840087890625 0.30155709385871887
0.58400048828125 1.823277099609375 2.534840087890625 0.3920242190361023
0.6935279541015625 1.6714515380859376 2.534840087890625 0.8443598747253418
0.712906494140625 1.6802674560546875 2.534840087890625 0.3558373749256134
0.7352279663085938 1.8674217529296875 2.534840087890625 0.6573944687843323
0.5313998413085937 1.316391357421875 2.534840087890625 1.0554498434066772
0.8016988525390625 1.1460455322265626 2.534840087890625 1.103698968887329
0.7395192260742187 1.1076436767578124 2.534840087890625 0.30758824944496155
0.7165171508789062 1.1123507080078125 2.534840087890625 0.3317128121852875
-1.453753173828125 0.016296260833740233 2.534840087890625 2.086775064468384
-1.4744580078125 -0.01461585521697998 2.534840087890625 3.6669342517852783
0.597883544921875 1.1494088134765625 2.534840087890625 0.8322975635528564
0.720318359375 1.1387335205078124 2.534840087890625 0.4523356556892395
0.6981571655273437 1.194394287109375 2.534840087890625 1.103698968887329
0.5658402099609375 0.9850137329101563 2.534840087890625 0.8262664675712585
0.5646915893554687 1.0028233032226563 2.534840087890625 0.663425624370575
0.5856392211914062 1.0193065795898437 2.534840087890625 3.2387232780456543
0.5631226196289062 0.9951559448242188 2.534840087890625 0.34377509355545044
0.49080078125 0.95403662109375 2.534840087890625 0.43424221873283386
0.47075906372070314 0.9341725463867188 2.534840087890625 0.9348269701004028
0.7163670654296875 1.099387939453125 2.534840087890625 5.096314907073975
0.829893310546875 1.1354827880859375 2.534840087890625 1.9963079690933228
0.7933683471679688 1.13656640625 2.534840087890625 0.5608962178230286
0.706203369140625 1.2336741943359375 2.53483984375 147.3347625732422
0.6834205322265625 1.2629150390625 2.534840087890625 3.9142110347747803
0.6886129760742188 1.2570594482421875 2.534840087890625 0.8926090002059937
0.8126470336914062 1.605535888671875 2.534840087890625 4.191643714904785
0.8241155395507812 1.630349609375 2.534840087890625 0.9589515924453735
0.6769017944335938 1.2466744384765625 2.534840087890625 2.3159584999084473
-1.2625633544921875 -0.3588481140136719 2.534840087890625 33.96739196777344
-1.2764422607421875 -0.3547016906738281 2.534840087890625 28.27399253845215
-1.290359375 -0.34992160034179687 2.53483984375 46.51216506958008
-1.3024908447265624 -0.3453779296875 2.534840087890625 19.06443977355957
-1.310158203125 -0.3438089294433594 2.534840087890625 15.50003433227539
-1.3153507080078124 -0.3379532775878906 2.534840087890625 13.73291015625
-1.3279635009765625 -0.3348832702636719 2.53484033203125 35.227901458740234
-1.3392586669921875 -0.32986553955078124 2.534840087890625 13.564038276672363
-1.345646484375 -0.3227850952148438 2.534840087890625 148.02232360839844
-1.3644315185546876 -0.31834674072265623 2.53484033203125 196.05433654785156
-1.339015869140625 -0.34429437255859374 2.534840087890625 4.6681036949157715
-1.3572459716796874 -0.37091986083984374 2.534840087890625 1.1640104055404663
-1.4464163818359375 -0.2694150085449219 2.53483984375 184.95703125
-1.4188050537109376 -0.3040748596191406 2.534840087890625 3.154287338256836
-1.4828837890625 -0.3212447204589844 2.534840087890625 0.663425624370575
-1.4710771484375 -0.2520709838867187 2.53483984375 10.319283485412598
-1.6155260009765624 -0.2615914611816406 2.53483984375 24.751806259155273
-1.503342529296875 -0.2533150329589844 2.53483984375 16.953540802001953
-1.5247490234375 -0.24177267456054688 2.53483984375 21.024560928344727
-1.475038818359375 -0.2829079895019531 2.534840087890625 0.9589515924453735
-1.4676141357421875 -0.27004815673828125 2.534840087890625 3.1060380935668945
-1.4299896240234375 -0.2800569458007813 2.53483984375 24.15472412109375
-1.386869140625 -0.3009331665039062 2.53483984375 0.7056435942649841
-1.4227586669921874 -0.26165261840820314 2.534840087890625 4.559543132781982
-1.5053526611328125 -0.1968204650878906 2.534840087890625 0.6694567799568176
-1.5017293701171874 -0.21034341430664064 2.534840087890625 0.3256816565990448
-1.60242333984375 -0.280805908203125 2.534840087890625 0.6513633131980896
-1.4871357421875 -0.2378166961669922 2.534839599609375 18.473386764526367
-1.500337890625 -0.24258181762695313 2.534840087890625 0.6151764988899231
-1.5691014404296875 -0.24288958740234376 2.534840087890625 0.46439793705940247
-1.558959228515625 -0.24017198181152344 2.534840087890625 0.6815190315246582
-1.5634884033203125 -0.22326828002929688 2.534840087890625 1.8394982814788818
-1.5411717529296876 -0.2317823944091797 2.534840087890625 13.105670928955078
-1.5792435302734376 -0.24560719299316405 2.534840087890625 0.9287958741188049
-1.5924434814453126 -0.2310267333984375 2.53483984375 9.51111125946045
-1.537040771484375 -0.2814040222167969 2.534840087890625 0.99513840675354
-1.5465196533203125 -0.27307351684570313 2.534840087890625 0.6513633131980896
-1.59234619140625 -0.22375372314453126 2.534840087890625 2.3159584999084473
-1.45409912109375 -0.25374774169921877 2.534840087890625 6.037173271179199
-1.4728065185546875 -0.2641925354003906 2.534840087890625 5.180750846862793
-1.4604322509765626 -0.24275950622558592 2.534840087890625 1.543972373008728
-1.4024742431640624 -0.25621743774414063 2.534840087890625 0.4221799373626709
-1.413279541015625 -0.2699831237792969 2.534840087890625 3.9202423095703125
-1.4830137939453125 -0.21257557678222655 2.534840087890625 1.2665398120880127
-1.4861519775390626 -0.22791026306152343 2.534840087890625 0.41011765599250793
-1.4897752685546874 -0.21438731384277343 2.534840087890625 0.37996193766593933
-1.443285888671875 -0.2526589965820312 2.534840087890625 0.6151764988899231
-1.3878026123046876 -0.2704035339355469 2.534840087890625 0.8383287191390991
-1.456873779296875 -0.20194789123535156 2.534840087890625 0.385993093252182
-1.4717230224609374 -0.22766754150390625 2.534840087890625 1.7972803115844727
-1.3972059326171875 -0.34349343872070315 2.53483984375 8.142041206359863
-1.388688232421875 -0.32044049072265623 2.53483984375 27.72515869140625
-1.4039781494140624 -0.3182193603515625 2.534840087890625 4.583667755126953
0.3693195190429687 -0.5351187133789063 2.53484033203125 143.921142578125
0.41820474243164063 -0.5516531982421875 2.534839599609375 212.65203857421875
0.4480968017578125 -0.5634371337890625 2.534840087890625 7.550989627838135
0.3020867614746094 -0.5459158325195312 2.534840087890625 1.1459169387817383
0.2879006652832031 -0.56058740234375 2.534840087890625 2.4245190620422363
0.49076251220703127 -0.7091448364257813 2.534840087890625 0.43424221873283386
0.7281599731445313 -0.89193017578125 2.534840087890625 0.34377509355545044
0.4599630432128906 -0.5941996459960938 2.534840087890625 0.5729584693908691
0.16806916809082031 -0.2756456604003906 2.534840087890625 0.6935813426971436
0.3338873291015625 -0.36709194946289064 2.534840087890625 0.44027337431907654
0.3673245849609375 -0.2619910888671875 2.53484033203125 8.99846363067627
0.30836279296875 -0.5152464599609375 2.534840087890625 0.7418304681777954
0.3740706481933594 -0.7875174560546875 2.534840087890625 4.6681036949157715
0.2833063049316406 -0.4893490905761719 2.534840087890625 0.904671311378479
0.28288629150390626 -0.4822147216796875 2.534840087890625 4.571605682373047
0.3402934265136719 -0.44509173583984374 2.534840087890625 1.1278235912322998
0.31855264282226564 -0.36395394897460936 2.534840087890625 0.7478616237640381
0.2922523193359375 -0.6173967895507813 2.534840087890625 0.7357993125915527
0.3379311828613281 -0.35513800048828126 2.534840087890625 1.1881349086761475
0.26809930419921874 -0.3649810485839844 2.53483984375 1.8214048147201538
0.37861273193359374 -0.25002728271484376 2.534840087890625 0.4161487817764282
0.34137701416015626 -0.40856671142578127 2.534840087890625 1.0313252210617065
0.3281617736816406 -0.4809535827636719 2.534840087890625 8.286788940429688
0.5897316284179688 -0.2731744384765625 2.534840087890625 8.160135269165039
0.18343565368652343 -0.30594830322265626 2.534840087890625 0.4221799373626709
0.24369088745117187 -0.35502536010742186 2.534840087890625 0.44027337431907654
0.21133984375 -0.450656982421875 2.534840087890625 0.4945536255836487
0.28269076538085935 -0.35182229614257815 2.534840087890625 0.47042906284332275
0.3079423828125 -0.5407233276367187 2.534840087890625 0.5005847811698914
-0.2738713073730469 0.5789840087890625 2.53483984375 395.7635192871094
-0.2993215637207031 0.6843485107421875 2.534840087890625 0.8503910303115845
0.581885009765625 0.700969970703125 2.534840087890625 1.79124915599823
0.521990478515625 0.513083984375 2.534840087890625 0.5669273138046265
0.5294627075195313 0.6745186767578125 2.534840087890625 0.40408650040626526
0.5905018310546875 0.7036539306640625 2.534840087890625 2.6537024974823
-0.0160223445892334 1.811063720703125 2.534840087890625 1.013231873512268
-0.19248190307617188 0.5932778930664062 2.01548779296875 373.94287109375
-1.48265380859375 -0.8900673828125 2.534840087890625 1.2243218421936035
0.43581170654296875 -1.499290771484375 2.534840087890625 10.32531452178955
-1.46888818359375 -0.9008727416992187 2.534840087890625 0.5126470923423767
0.529987548828125 0.3757563781738281 2.534840087890625 623.9155883789062
0.47032589721679685 0.3543018493652344 2.534840087890625 0.5005847811698914
0.4642926025390625 0.30920361328125 2.534840087890625 0.6935813426971436
0.5059450378417969 0.3565989990234375 2.534840087890625 0.8503910303115845
0.2715729675292969 0.46047869873046876 2.534840087890625 2.448643684387207
0.30652896118164064 0.451727783203125 2.534840087890625 0.30155709385871887
0.4301907653808594 0.36401278686523436 2.534840087890625 6.218107223510742
0.441888671875 0.3792933044433594 2.534840087890625 1.966152310371399
0.569030517578125 0.3916200866699219 2.534840087890625 0.6935813426971436
0.5406582641601563 0.3622769470214844 2.534840087890625 0.9830761551856995
0.5884090576171875 0.40043600463867185 2.534840087890625 0.862453281879425
0.5591310424804687 0.37447366333007814 2.534840087890625 0.9348269701004028
0.5472136840820313 0.46326947021484377 2.53483984375 9.73426342010498
0.5498296508789062 0.4227098693847656 2.534840087890625 2.4667370319366455
0.587260498046875 0.4182455749511719 2.534840087890625 0.33774393796920776
0.5933588256835938 0.4090092468261719 2.534840087890625 0.506615936756134
0.48548291015625 0.31125808715820313 2.534840087890625 0.5247093439102173
0.4836711730957031 0.3180195617675781 2.534840087890625 1.8334671258926392
0.532474853515625 0.3441398010253906 2.534840087890625 9.318114280700684
0.5366144409179687 0.350322998046875 2.534840087890625 3.087944746017456
0.5480354614257813 0.34826809692382815 2.534840087890625 2.8889169692993164
0.5445244750976562 0.33432516479492186 2.534840087890625 0.9770449995994568
0.5924800415039062 0.33819061279296875 2.534840087890625 1.0072007179260254
0.585552734375 0.343481201171875 2.53483984375 0.9287958741188049
0.5108297424316406 0.41950680541992186 2.534840087890625 1.634439468383789
0.5241099853515625 0.4375591125488281 2.534840087890625 0.4221799373626709
0.5326832275390625 0.432609375 2.534840087890625 0.31361937522888184
0.4433926086425781 0.4412952270507812 2.534840087890625 4.306235313415527
0.6972559814453125 0.4404718322753906 2.534840087890625 1.4112871885299683
0.5455657348632813 0.40542510986328123 2.534840087890625 2.593390941619873
0.5230264282226562 0.40103411865234373 2.534840087890625 0.6694567799568176
0.5807417602539062 0.4020050048828125 2.534840087890625 7.249432563781738
0.52278369140625 0.4154629211425781 2.534840087890625 0.771986186504364
0.552902587890625 0.4923791198730469 2.534840087890625 0.44027337431907654
0.5641934204101563 0.4772871704101562 2.534840087890625 1.2665398120880127
0.5000894470214844 0.3514065246582031 2.534840087890625 0.30758824944496155
0.5682546997070312 0.2863316650390625 2.534840087890625 2.2134289741516113
0.5282188720703125 0.39517849731445315 2.534840087890625 0.9710138440132141
0.5701140747070312 0.42814505004882814 2.534840087890625 1.0675121545791626
0.6348335571289062 0.41649887084960935 2.534840087890625 0.5548650622367859
0.5682373046875 0.4892411193847656 2.534840087890625 0.37393081188201904
0.5623817138671875 0.48404864501953127 2.534840087890625 0.3196505308151245
0.49416876220703126 0.40054864501953125 2.534840087890625 1.103698968887329
0.49127349853515623 0.3707851257324219 2.534840087890625 1.4957232475280762
0.5060614013671875 0.3647066345214844 2.534840087890625 9.366363525390625
0.7326386108398437 -0.3588583679199219 2.534840087890625 376.7835388183594
0.7492503662109375 -0.42972216796875 2.534840087890625 3.865962028503418
0.7505335693359375 -0.3390154113769531 2.53483984375 2.774325370788574
0.7762304077148438 -0.39951898193359375 2.53483984375 9.094962120056152
0.6968402099609375 -0.342308349609375 2.534840087890625 0.5367716550827026
0.7822645263671875 -0.3230424499511719 2.534840087890625 0.6453321576118469
0.8614779663085937 -0.38878048706054685 2.534840087890625 1.0313252210617065
0.7703756103515625 -0.3733331298828125 2.534840087890625 0.385993093252182
0.685679443359375 -0.4358855285644531 2.534840087890625 1.0192630290985107
0.7053007202148438 -0.44149844360351564 2.534840087890625 0.3196505308151245
0.7799848022460938 -0.490332763671875 2.534840087890625 0.4885224997997284
0.744097412109375 -0.4093621215820312 2.534840087890625 2.098837375640869
0.7648350219726563 -0.4743616943359375 2.534840087890625 6.670443058013916
0.7633110961914062 -0.3556856384277344 2.534840087890625 7.32180643081665
0.713743896484375 -0.337779052734375 2.534840087890625 4.951567649841309
0.7130331420898437 -0.49740200805664064 2.534840087890625 2.1048684120178223
0.7882615356445313 -0.3794110412597656 2.534840087890625 18.49148178100586
0.7155556640625 -0.34454052734375 2.534840087890625 1.2484463453292847
-0.18768022155761718 0.28865521240234376 2.534839111328125 1518.6898193359375
-0.12197630310058594 0.40763613891601563 2.534840087890625 12.671429634094238
-0.23082234191894532 0.24614599609375 2.534840087890625 0.6151764988899231
-0.21678462219238281 0.2951787109375 2.534840087890625 12.098470687866211
-0.23662443542480469 0.2610382080078125 2.53483984375 2.9311349391937256
-0.16624162292480468 0.4446236877441406 2.534840087890625 0.8745155930519104
-0.22924462890625 0.15235862731933594 2.534840087890625 2.165179967880249
-0.21959916687011719 0.1569300994873047 2.534840087890625 4.758571147918701
-0.5224457397460938 -0.1327419891357422 2.534840087890625 0.5729584693908691
-0.6058806762695312 -0.1188636474609375 2.534840087890625 0.7900795936584473
-0.5691304321289062 0.06853343200683594 2.534840087890625 0.6996124386787415
-0.1769835205078125 0.28121902465820314 2.534840087890625 1.7490311861038208
-0.20373020935058594 0.22624937438964843 2.534840087890625 0.6935813426971436
-0.22550851440429687 0.23307595825195312 2.534840087890625 0.34377509355545044
-0.18650863647460938 0.23627902221679686 2.534840087890625 0.4945536255836487
-0.21874703979492188 0.2348876953125 2.534840087890625 0.31361937522888184
-0.16277841186523437 0.1882855224609375 2.534840087890625 0.3920242190361023
-0.264816162109375 0.2986363220214844 2.534840087890625 0.3558373749256134
-0.20891258239746094 0.30636871337890625 2.534840087890625 0.34377509355545044
-0.21996066284179688 0.3070318603515625 2.534840087890625 2.701951503753662
0.07290250396728516 0.3094114990234375 2.534840087890625 0.5005847811698914
0.03348221206665039 0.2807315368652344 2.534840087890625 0.7056435942649841
-0.162665771484375 0.2825258483886719 2.534840087890625 0.39805537462234497
-0.13858016967773437 0.31434381103515624 2.534840087890625 0.41011765599250793
-0.31890628051757813 0.20989920043945312 2.534840087890625 4.432889461517334
-0.3042364501953125 0.26995635986328126 2.534840087890625 0.34377509355545044
-0.2138475799560547 0.26317276000976564 2.53483984375 1.3811315298080444
-0.2562429504394531 0.2936865844726563 2.534840087890625 1.2363841533660889
-0.06341066741943359 0.23665184020996094 2.534840087890625 0.3920242190361023
-0.2410859375 0.25064280700683594 2.534840087890625 0.31361937522888184
-0.60255224609375 0.4907705993652344 2.534840087890625 13.877657890319824
-0.6147489624023438 0.5092432861328124 2.534840087890625 0.39805537462234497
-0.2641728820800781 0.23540379333496095 2.534840087890625 0.6875501871109009
-0.1858455047607422 0.24732711791992187 2.534840087890625 0.3558373749256134
-0.19822857666015625 0.25836624145507814 2.53483984375 5.663242340087891
-0.23969461059570313 0.21840440368652345 2.534840087890625 0.99513840675354
1.3159093017578125 1.5664581298828124 2.534840087890625 0.47646021842956543
-0.22250057983398439 0.35707980346679685 2.534840087890625 0.4161487817764282
-0.2035424346923828 0.3404188232421875 2.534840087890625 0.5729584693908691
-0.13214389038085939 0.5878284301757812 2.534840087890625 0.3920242190361023
-1.5564447021484376 -1.399007568359375 2.534840087890625 1.9842456579208374
-1.5204051513671875 -1.3712335205078126 2.534840087890625 3.5342490673065186
-1.5528489990234375 -1.3853812255859375 2.534840087890625 4.034833908081055
-0.22376182556152344 0.2806490783691406 2.534840087890625 0.31361937522888184
-0.32091485595703123 0.45390765380859377 2.534840087890625 1.0072007179260254
-0.33419509887695314 0.43585537719726564 2.534840087890625 1.8455294370651245
-0.4251847229003906 0.5455430297851562 2.534840087890625 0.4221799373626709
-0.44686053466796877 0.57234619140625 2.534840087890625 3.401564121246338
-0.3504356384277344 0.4423741149902344 2.534840087890625 2.2496159076690674
-0.28335391235351565 0.3407742004394531 2.534840087890625 0.6694567799568176
-0.10229789733886718 0.3276890869140625 2.534840087890625 0.36789965629577637
-0.26704830932617185 0.2799208679199219 2.534840087890625 2.135024309158325
-0.24603567504882812 0.24206959533691405 2.534840087890625 0.7297681570053101
-0.10121434020996094 0.364214111328125 2.534840087890625 0.40408650040626526
-0.14407427978515625 0.21314149475097657 2.534840087890625 8.003325462341309
-0.2992785339355469 0.2514532012939453 2.534840087890625 0.9287958741188049
-0.31075521850585935 0.2537157897949219 2.534840087890625 0.43424221873283386
-0.31004443359375 0.4133387451171875 2.534840087890625 3.045726776123047
-0.21560902404785157 0.25022239685058595 2.534840087890625 0.4583667814731598
-0.48185589599609374 0.26103323364257813 2.534840087890625 3.968491315841675
1.1523321533203126 0.198671630859375 2.534840087890625 3.0336644649505615
-0.17963450622558594 0.33233108520507815 2.534840087890625 0.3317128121852875
0.2602158813476563 -0.12441390991210938 2.534840087890625 1518.4666748046875
-0.15921998596191406 0.22909712219238282 2.534840087890625 0.30155709385871887
-0.20443086242675781 0.14089010620117187 2.534840087890625 1.1459169387817383
-0.14141041564941406 0.2302457275390625 2.534840087890625 0.33774393796920776
-0.13126820373535156 0.23296331787109376 2.534840087890625 1.1941660642623901
0.18802536010742188 0.38011672973632815 2.534840087890625 0.30155709385871887
0.009751991271972656 0.32872503662109376 2.534840087890625 0.3618685007095337
-0.09831905364990234 0.39397760009765626 2.534840087890625 0.37996193766593933
-0.09246343994140625 0.39917010498046873 2.534840087890625 0.385993093252182
-0.13411587524414062 0.3517746887207031 2.534840087890625 0.39805537462234497
-0.09184790802001953 0.2616432800292969 2.534840087890625 2.9974775314331055
-0.0432796630859375 -0.26975772094726563 2.53483984375 5.645148754119873
-0.09825401306152344 0.33964306640625 2.534840087890625 0.37393081188201904
-0.09083707427978516 0.35974774169921875 2.53483984375 1.4112871885299683
-0.1960527648925781 0.298944091796875 2.534840087890625 0.6694567799568176
-0.21700035095214842 0.28246078491210935 2.534840087890625 0.33774393796920776
-0.2817198486328125 0.29410699462890627 2.534840087890625 0.3317128121852875
-0.17702955627441405 0.22794853210449217 2.534840087890625 4.475107192993164
-0.2532048187255859 0.7691747436523437 2.534840087890625 1.0072007179260254
0.07755724334716797 0.9411419067382812 2.534840087890625 0.30758824944496155
0.051899791717529294 0.928713134765625 2.534840087890625 10.343408584594727
0.11979316711425782 0.7523046875 -0.38469940185546875 2.665764808654785
-0.032195453643798826 0.9044868774414062 2.534840087890625 0.9468892812728882
-0.31591748046875 0.6110557861328125 2.534840087890625 2.3581764698028564
-0.34350344848632813 0.3667826843261719 2.53483984375 1.917903184890747
-0.35688937377929686 0.37179898071289064 2.534840087890625 0.6272387504577637
-0.22457246398925781 0.5811795654296875 2.534840087890625 4.722383975982666
-0.22227528381347655 0.5455604248046875 2.534840087890625 2.165179967880249
-0.2688774719238281 0.4895918273925781 2.534840087890625 6.206045150756836
-0.20274920654296874 0.2427977752685547 2.534840087890625 0.385993093252182
-0.24438421630859375 -0.007507086277008057 2.534840087890625 1.1760727167129517
-0.2373800048828125 -0.020124181747436524 2.534840087890625 0.7297681570053101
0.06421663665771485 0.22012094116210937 2.534840087890625 0.5669273138046265
0.022170761108398437 -0.20638580322265626 2.53483984375 24.7095890045166
-0.15234585571289064 0.325149169921875 2.534840087890625 2.4003944396972656
-0.631505126953125 0.1931353759765625 2.534840087890625 4.975692272186279
-0.1783558349609375 0.20585235595703125 2.534840087890625 0.30155709385871887
0.9437167358398437 -0.5334241333007812 2.534840087890625 1.682688593864441
0.919699462890625 -0.49788232421875 2.534840087890625 7.020249366760254
-0.20951068115234375 0.24098603820800782 2.534840087890625 0.9770449995994568
-0.22780569458007813 0.2686951293945313 2.534840087890625 0.3317128121852875
-0.11654903411865235 0.36735211181640626 2.534840087890625 0.3256816565990448
-0.15444793701171874 0.1977646026611328 2.534840087890625 0.5247093439102173
-0.17044575500488282 0.18985452270507813 2.534840087890625 0.8684844374656677
-0.42660626220703124 0.22629705810546874 2.534840087890625 1.6585639715194702
-0.31510687255859376 0.31052523803710935 2.534840087890625 0.771986186504364
-0.30562777709960937 0.30219476318359373 2.534840087890625 0.34377509355545044
-0.26662789916992186 0.30539779663085936 2.534840087890625 1.9601211547851562
-0.3266404113769531 0.34004605102539065 2.534840087890625 0.40408650040626526
-0.23819064331054687 0.28040634155273436 2.534840087890625 1.06148099899292
-0.09045658874511718 0.22940489196777344 2.534840087890625 0.7116747498512268
-0.11635391998291016 0.204348388671875 2.534840087890625 2.2496159076690674
-0.32096246337890627 0.305332763671875 2.534840087890625 0.4463045001029968
-0.32706082153320315 0.3145691223144531 2.534840087890625 0.4161487817764282
-0.3277889709472656 0.3578555908203125 2.534840087890625 7.840484619140625
-0.2995944519042969 0.34729296875 2.534840087890625 0.34377509355545044
0.1081478271484375 -0.1838236083984375 2.534840087890625 2434.024169921875
0.09170753479003907 -0.2036778106689453 2.53483984375 3.7393078804016113
0.03413014984130859 -0.21439630126953124 2.534839599609375 6.248262882232666
0.12956333923339844 -0.1790681610107422 2.534840087890625 0.7780172824859619
0.08958094024658203 -0.22613691711425782 2.53484033203125 4.830944538116455
-0.17005552673339844 -0.1361529083251953 2.534840087890625 1.0976678133010864
0.14116769409179689 -0.21581689453125 2.534840087890625 1.7852180004119873
-0.06379622650146484 -0.19464401245117188 2.534840087890625 1.242415189743042
0.2102252655029297 -0.05433141708374024 2.534840087890625 1.32685124874115
0.08375440979003906 -0.21330819702148437 2.534840087890625 44.90788269042969
-0.08055709838867188 0.24655133056640624 2.534840087890625 1.2665398120880127
-0.026885662078857422 0.23556826782226561 2.534840087890625 1.9782145023345947
0.13301425170898437 -0.2200395812988281 2.53483984375 1.5500035285949707
0.133014892578125 -0.18539024353027345 2.534840087890625 0.385993093252182
0.08673323059082032 0.24427156066894531 2.534840087890625 2.1108996868133545
0.15580670166015625 -0.14874375915527344 2.53483984375 1.7610934972763062
-0.197118896484375 0.05950962066650391 2.534840087890625 5.964799404144287
0.14348561096191406 -0.38004620361328123 2.534840087890625 0.6875501871109009
0.08812921905517578 -0.5452700805664062 2.534840087890625 0.3920242190361023
0.18500466918945313 -0.29828094482421874 2.534840087890625 0.31361937522888184
0.21567405700683595 -0.3045569763183594 2.534840087890625 0.47646021842956543
0.12625341033935547 -0.1872019500732422 2.534840087890625 0.4463045001029968
0.24495211791992189 -0.2785946044921875 2.534840087890625 0.8564221262931824
0.21295645141601563 -0.29441476440429687 2.534840087890625 3.5644049644470215
0.12673886871337892 -0.2160596160888672 2.534840087890625 8.341069221496582
0.12586517333984376 -0.3141273193359375 2.53483984375 6.881533145904541
0.09339718627929687 -0.2809482421875 2.534840087890625 3.624716281890869
0.09836666107177734 -0.24540272521972656 2.534840087890625 2.768294095993042
0.03560170745849609 0.20520663452148438 2.534840087890625 0.6151764988899231
0.2936564025878906 -0.09524140930175781 2.534840087890625 4.390671253204346
0.2537506408691406 -0.09506371307373047 2.534840087890625 1.5138165950775146
-0.16908302307128906 0.11050340270996094 2.534840087890625 6.694567680358887
-0.17261288452148438 0.11680451965332031 2.534840087890625 12.888550758361816
-0.17321841430664062 0.12917083740234375 2.534840087890625 23.708419799804688
0.20200360107421875 0.003398167610168457 2.534840087890625 1.1398857831954956
-0.089515869140625 -0.17979476928710938 2.534840087890625 1.634439468383789
-0.009377110481262206 0.20126522827148438 2.534840087890625 9.975508689880371
0.06957404327392579 -0.3002227478027344 2.534840087890625 1.0735433101654053
0.1451642761230469 -0.20368643188476562 2.53483984375 3.2447543144226074
0.20140548706054687 -0.061984489440917966 2.534840087890625 0.47042906284332275
-0.08634767150878907 0.1870242919921875 2.534840087890625 2.279771566390991
-0.09627735137939453 -0.18160650634765624 2.534840087890625 0.5548650622367859
-0.2810218811035156 -0.10066384887695312 2.534840087890625 2.05661940574646
-0.2314593505859375 -0.0692662811279297 2.534840087890625 0.5548650622367859
-0.22531340026855468 0.07007225799560547 2.534840087890625 9.468893051147461
0.028583276748657228 -0.28097235107421875 2.53483984375 20.530006408691406
-0.1680418701171875 -0.204459228515625 2.53484033203125 5.844176292419434
0.12788745880126953 -0.2338691864013672 2.534840087890625 5.46421480178833
0.16180751037597657 -0.13057020568847658 2.534840087890625 1.2182906866073608
0.23191313171386718 -0.05413395309448242 2.53483984375 2.7562317848205566
0.09310353088378906 0.18620635986328124 2.534840087890625 38.88277053833008
0.17840274047851562 -0.2729415283203125 2.534840087890625 17.13447380065918
0.0884671630859375 -0.26254916381835935 2.534840087890625 0.8443598747253418
0.10941475677490234 -0.24606587219238282 2.534840087890625 1.0373563766479492
0.13482662963867187 -0.19215171813964843 2.534840087890625 0.37393081188201904
0.14364649963378906 -0.1917245330810547 2.534840087890625 1.5379412174224854
0.12813018798828124 -0.2482980194091797 2.534840087890625 1.1157612800598145
0.18341822814941405 -0.10303882598876953 2.534840087890625 2.05661940574646
0.27456814575195315 0.030088712692260742 2.534840087890625 2.0385260581970215
0.09902980041503906 -0.2343546447753906 2.534840087890625 0.6453321576118469
0.0747792739868164 0.24831544494628907 2.534840087890625 0.7418304681777954
0.11146920776367188 -0.26725619506835935 2.534840087890625 0.9830761551856995
-0.06137832260131836 -0.27733587646484376 2.534840087890625 1.3751003742218018
0.1753955078125 -0.18128131103515624 2.534840087890625 1.9540899991989136
0.1632638702392578 -0.21714317321777343 2.534840087890625 0.7840484380722046
-0.1899195556640625 -0.11611119842529297 2.534840087890625 1.7852180004119873
-0.058603752136230466 -0.2004996337890625 2.534840087890625 1.2363841533660889
-0.013262807846069336 -0.22096176147460939 2.534840087890625 2.3219895362854004
-0.06836041259765625 0.22807861328125 2.534840087890625 4.758571147918701
0.006347344398498535 -0.24769502258300782 2.534839599609375 3172.38671875
0.07375975036621094 -0.20126760864257812 2.534840087890625 6.688536167144775
-0.14941012573242188 -0.14780079650878905 2.534840087890625 23.84110450744629
0.13380812072753906 -0.28301129150390625 2.534840087890625 4.3122663497924805
0.08320439910888672 -0.26995416259765626 2.53483984375 8.220446586608887
0.10066384887695312 -0.2810218811035156 2.534840087890625 0.5850207805633545
0.1307827453613281 -0.20410566711425782 2.534840087890625 2.557204246520996
0.1067621841430664 -0.29025823974609377 2.534840087890625 2.6898891925811768
-0.015194413185119628 -0.2813677062988281 2.53483984375 12.026097297668457
-0.09488603210449219 -0.21384490966796876 2.534840087890625 1.5560345649719238
-0.0034759631156921385 -0.29805563354492187 2.534840087890625 0.37393081188201904
0.05713463592529297 -0.26732122802734376 2.534840087890625 1.5680968761444092
-0.021172882080078125 -0.20496391296386718 2.534840087890625 0.8202353119850159
0.03824151611328125 -0.30499481201171874 2.534840087890625 11.000802993774414
0.045301780700683594 -0.31192880249023436 2.53483984375 12.406059265136719
-0.026792606353759765 -0.23782316589355468 2.53483984375 3.552342653274536
0.039923171997070316 -0.20308714294433594 2.534840087890625 0.43424221873283386
0.0544688835144043 -0.23729022216796875 2.534840087890625 1.8153736591339111
-0.028691648483276367 -0.2777818908691406 2.53483984375 2.309927463531494
-0.03717071533203125 -0.21287399291992187 2.534840087890625 3.190474033355713
-0.18794757080078126 0.11994253540039063 2.534840087890625 0.6332699060440063
0.06265033721923828 -0.22029129028320313 2.53483984375 2.0807440280914307
-0.036927989959716793 -0.22730282592773438 2.534840087890625 0.34377509355545044
0.0438159294128418 -0.27813690185546874 2.534840087890625 1.1278235912322998
-0.059024166107177735 -0.22597654724121094 2.534840087890625 1.664595127105713
-0.16473298645019532 -0.25067767333984375 2.534840087890625 1.8334671258926392
-0.04954508590698242 -0.23430702209472656 2.534840087890625 0.9167335629463196
-0.0864905014038086 -0.2587003784179687 2.534840087890625 0.33774393796920776
-0.05889408874511719 -0.33464569091796875 2.534840087890625 1.2062283754348755
-0.02639960289001465 -0.21891226196289063 2.53484033203125 14.08874797821045
-0.0398883171081543 -0.20273178100585937 2.534840087890625 0.5428027510643005
-0.12432436370849609 -0.48262246704101563 2.534840087890625 0.4523356556892395
-0.054187068939208986 -0.3116436462402344 2.534840087890625 1.417318344116211
-0.012599667549133301 -0.20991366577148438 2.534840087890625 0.4161487817764282
0.0770036849975586 0.19273416137695312 2.534840087890625 1.170041561126709
-0.14991859436035157 0.18086090087890624 2.534840087890625 0.31361937522888184
-0.07254712677001954 -0.22960000610351564 2.534840087890625 7.110716342926025
-0.022499164581298827 -0.2270601043701172 2.534840087890625 0.44027337431907654
-0.03794650650024414 -0.3181623840332031 2.534840087890625 1.5017542839050293
0.028901535034179686 0.21671673583984374 2.53483984375 1.242415189743042
0.007394437313079834 -0.33862451171875 2.534840087890625 0.7478616237640381
-0.05626397705078125 -0.25885678100585935 2.534840087890625 9.740294456481934
0.018875696182250976 0.2405830535888672 2.534840087890625 2.6356089115142822
0.029420232772827147 -0.36673406982421874 2.53483984375 5.355654239654541
0.09251104736328125 -0.25059519958496096 2.534840087890625 0.5126470923423767
-0.038674686431884764 -0.27487591552734375 2.534840087890625 0.4824913442134857
-0.008070334434509278 -0.2268173828125 2.534840087890625 1.2484463453292847
-0.015187191009521485 -0.30844061279296875 2.534840087890625 0.5608962178230286
-0.03631246185302734 -0.3648296203613281 2.534840087890625 12.152750968933105
0.05647149658203125 -0.2783692932128906 2.534840087890625 1.0313252210617065
0.012344184875488282 -0.33005133056640623 2.534840087890625 1.6465017795562744
0.014996746063232421 -0.2858589782714844 2.534840087890625 1.3147889375686646
-0.14486895751953124 -0.27071939086914065 2.534840087890625 0.99513840675354
-0.0862477798461914 -0.2731292114257812 2.534840087890625 4.463045120239258
0.11251791381835938 0.17508775329589843 2.534840087890625 0.3558373749256134
-0.027141145706176758 -0.30439669799804686 2.534840087890625 0.4885224997997284
-0.12555542755126953 -0.20756887817382813 2.534840087890625 3.4558444023132324
-0.10255338287353516 -0.21227589416503906 2.534840087890625 1.1398857831954956
0.03709292221069336 -0.2871852416992188 2.534840087890625 0.4161487817764282
0.22471530151367186 -0.13545491027832032 2.534840087890625 1.809342622756958
0.21863717651367187 -0.09756145477294922 2.534839599609375 51.95225524902344
0.31599530029296874 -0.11099651336669922 2.534840087890625 0.33774393796920776
0.3386895751953125 -0.04694013595581055 2.534840087890625 0.506615936756134
0.31892144775390624 -0.10097850799560547 2.53483984375 1.3630380630493164
0.36471697998046876 -0.13055278015136718 2.534840087890625 0.7780172824859619
0.363568359375 -0.11274320983886718 2.534840087890625 0.30758824944496155
0.3256996765136719 0.06915363311767578 2.534840087890625 0.621207594871521
0.40636941528320314 -0.08315737152099609 2.534840087890625 1.6404706239700317
0.41271047973632813 -0.10682256317138672 2.534840087890625 0.5608962178230286
0.37822250366210936 0.0759801483154297 2.534840087890625 0.4583667814731598
0.3500280151367188 0.08654278564453124 2.534840087890625 7.020249366760254
0.34019354248046874 0.015061783790588378 2.534840087890625 0.6031141877174377
0.25430113220214845 -0.17825595092773439 2.534840087890625 0.7237370014190674
0.2561128845214844 -0.18501742553710937 2.534840087890625 0.36789965629577637
0.2990915832519531 -0.11552584838867187 2.534840087890625 5.470245838165283
0.4788213195800781 -0.1507071533203125 2.534840087890625 1.6706262826919556
0.44139044189453125 -0.1462428436279297 2.534840087890625 0.639301061630249
0.41138421630859373 -0.12891873168945311 2.534840087890625 3.685027599334717
0.3365875244140625 -0.17432472229003906 2.534840087890625 0.4885224997997284
0.30054794311523436 -0.20209881591796874 2.534840087890625 0.4221799373626709
0.38378778076171877 -0.05297343826293945 2.534840087890625 21.531177520751953
0.5078090515136718 -0.25889083862304685 2.534840087890625 3.5342490673065186
0.31845272827148435 0.09619954681396484 2.534840087890625 0.30155709385871887
-0.19351284790039064 0.2488961181640625 2.534840087890625 1.2303529977798462
0.3566117858886719 0.04844877243041992 2.534840087890625 0.506615936756134
0.39922238159179685 -0.5162649536132813 2.534840087890625 0.53074049949646
0.37012200927734373 -0.5023215637207031 2.534840087890625 0.5729584693908691
0.43996893310546875 -0.46548880004882814 2.534840087890625 0.4282110631465912
0.42351583862304687 -0.09305686950683593 2.534840087890625 0.37996193766593933
-0.20339491271972657 0.028840229034423827 2.534840087890625 3.654871940612793
0.34551608276367185 -0.09946297454833984 2.534840087890625 0.4523356556892395
-0.965508544921875 -1.603013427734375 2.534840087890625 18.66035270690918
-1.0133243408203125 -1.586837890625 2.534840087890625 0.8081730008125305
-0.992134033203125 -1.5847833251953125 2.534840087890625 4.2097368240356445
-1.0507552490234375 -1.58237353515625 2.534840087890625 2.9009792804718018
0.2520689849853516 -0.19697138977050782 2.534840087890625 1.0072007179260254
0.23068356323242187 -0.036022125244140626 2.534840087890625 1.3328824043273926
0.24651022338867187 -0.09088602447509765 2.534840087890625 19.01015853881836
0.21342449951171874 -0.12036294555664062 2.534840087890625 0.7177059054374695
0.18372599792480468 -0.17180223083496093 2.534840087890625 0.36789965629577637
0.2235016784667969 -0.06331077575683594 2.534840087890625 1.0072007179260254
0.2332234649658203 -0.08607008361816407 2.534840087890625 1.1941660642623901
0.3085706787109375 -0.12385633087158203 2.534840087890625 0.5428027510643005
0.2606421813964844 -0.201921142578125 2.534840087890625 0.385993093252182
0.8518818359375 0.4542609558105469 2.534840087890625 8.871809959411621
0.5857913818359375 -0.049575271606445315 2.534840087890625 0.36789965629577637
0.5326054077148438 -0.06744988250732421 2.534840087890625 0.4523356556892395
0.2761760559082031 -0.10515328216552734 2.53483984375 2.406425714492798
0.18496981811523439 0.10753797912597657 2.534840087890625 0.39805537462234497
0.20833555603027343 0.1555654296875 2.53483984375 8.286788940429688
0.33767108154296877 -0.13779971313476563 2.534840087890625 5.602931022644043
-0.009847214698791504 -0.6258748168945313 2.534840087890625 2.4245190620422363
0.20586979675292968 -0.024553621292114258 2.534840087890625 5.0239410400390625
0.30755215454101564 -0.21471591186523437 2.534840087890625 0.9107024073600769
0.41584848022460935 -0.09148786163330078 2.534840087890625 2.738138437271118
0.6907894897460938 -0.18449711608886718 2.534840087890625 1.4293806552886963
0.3395811767578125 -0.16265217590332032 2.534840087890625 13.841470718383789
0.36339068603515623 -0.15264895629882813 2.534840087890625 0.37393081188201904
0.5425048828125 -0.050303451538085936 2.534840087890625 1.2001972198486328
0.4683236999511719 -0.23323623657226564 2.534840087890625 0.3256816565990448
0.4656061096191406 -0.22309400939941407 2.534840087890625 1.0192630290985107
0.20122779846191408 -0.10189023590087891 2.534840087890625 0.37996193766593933
0.41471731567382814 -0.2765877380371094 2.534840087890625 0.7297681570053101
0.23462571716308595 -0.14539515686035157 2.53483984375 4.016740322113037
0.2724660949707031 -0.09729586791992187 2.534840087890625 0.36789965629577637
0.27928829956054685 -0.17684852600097656 2.534840087890625 1.0494186878204346
0.22298977661132813 -0.14834312438964845 2.53483984375 3.268878936767578
0.2715126037597656 -0.24249000549316407 2.534840087890625 0.5729584693908691
0.24349577331542968 -0.19202162170410156 2.534840087890625 0.37393081188201904
0.4481217346191406 -0.49591546630859373 2.534840087890625 2.12296199798584
0.29740994262695314 -0.2174335174560547 2.534840087890625 0.8202353119850159
0.16143492126464845 -0.29950698852539065 2.534840087890625 4.191643714904785
0.3378487243652344 -0.09789396667480468 2.534840087890625 1.06148099899292
0.34721514892578126 -0.20046478271484375 2.534840087890625 0.3317128121852875
0.32704336547851565 -0.11165966033935547 2.534840087890625 1.1398857831954956
0.27198062133789064 -0.06843820953369141 2.534840087890625 0.31361937522888184
0.26026937866210936 -0.07882315826416016 2.534840087890625 0.34377509355545044
0.2769953918457031 -0.11419956970214844 2.534840087890625 0.53074049949646
0.23186166381835938 -0.16440779113769532 2.53483984375 33.17127990722656
0.23914413452148436 -0.13521218872070312 2.534840087890625 1.0795743465423584
0.28587640380859375 -0.1879127197265625 2.534840087890625 0.4523356556892395
0.2852132568359375 -0.19896080017089843 2.534840087890625 1.085605502128601
0.23854603576660155 -0.2005948486328125 2.534840087890625 4.782695770263672
0.2910778503417969 -0.16675595092773438 2.534840087890625 3.9564290046691895
0.2688944396972656 -0.17072221374511717 2.53483984375 3.4136264324188232
0.2031045684814453 -0.1629862823486328 2.534840087890625 6.658380508422852
0.29960430908203123 -0.17153115844726563 2.534840087890625 1.9842456579208374
0.35192218017578125 -0.17746273803710938 2.534840087890625 0.7961107492446899
0.32783447265625 -0.191291259765625 2.534840087890625 9.432705879211426
0.31648074340820315 -0.1398541717529297 2.534840087890625 0.33774393796920776
0.31539718627929686 -0.17637918090820312 2.534840087890625 0.3920242190361023
0.3173389892578125 -0.291809814453125 2.534840087890625 0.8202353119850159
0.2615286560058594 -0.10385000610351562 2.534840087890625 6.061297416687012
0.7388178100585937 0.5665858154296874 -1.5598399658203126 1.4836609363555908
0.67070556640625 0.582846435546875 -1.559840087890625 7.743986129760742
0.60926611328125 0.6375337524414062 -1.5598399658203126 12.8222074508667
0.12328032684326172 0.7170247192382813 -1.5598399658203126 0.5005847811698914
0.7595528564453125 0.18418936157226562 -1.5598399658203126 1.0313252210617065
0.2493211975097656 0.5383135375976562 -1.5598399658203126 2.6476712226867676
0.2982856140136719 0.572298583984375 -1.5598399658203126 5.415965557098389
0.21142198181152344 0.78903759765625 -1.5598399658203126 3.691058874130249
0.11778580474853516 0.6694729614257813 -1.5598399658203126 4.7344465255737305
0.14366761779785156 0.6915668334960937 -1.559840087890625 21.91716957092285
-0.12550314331054688 0.8162973022460938 -1.5598399658203126 0.5186781883239746
-0.12369140625 0.8230587158203125 -1.5598399658203126 0.5669273138046265
0.3076694641113281 0.8777788696289063 -1.5598399658203126 2.701951503753662
0.46643417358398437 0.7265339965820312 -1.5598399658203126 0.3256816565990448
0.2282783966064453 0.8519465942382812 -1.5598399658203126 2.551172971725464
0.35639190673828125 0.8103717041015625 -1.559840087890625 7.189121246337891
0.625116455078125 0.3180450744628906 -1.5598399658203126 0.3196505308151245
-0.012322088241577149 0.6301614379882813 -1.5598399658203126 0.4945536255836487
0.22628897094726563 0.8850908203125 -1.5598399658203126 1.2363841533660889
-0.21649278259277344 0.706609619140625 -1.5598399658203126 3.7513701915740967
0.48880328369140624 0.39080477905273436 -1.5598399658203126 0.44027337431907654
0.203010009765625 0.7246489868164062 -1.559840087890625 2.8225743770599365
-0.10086705017089843 0.8676714477539063 -1.5598399658203126 6.39301061630249
0.1477689208984375 0.4568203430175781 -1.5598399658203126 0.5669273138046265
0.08033179473876953 0.4350319519042969 -1.5598399658203126 1.3389135599136353
-0.057129966735839845 0.4899820556640625 -1.5598399658203126 1.700782060623169
-0.08773432159423829 0.5380405883789062 -1.5598399658203126 4.101176738739014
0.17753244018554687 0.45971566772460937 -1.5598399658203126 2.014401435852051
0.31390460205078125 0.568113525390625 -1.5598399658203126 8.497879028320312
0.03850166702270508 0.5223330688476563 -1.5598399658203126 1.0795743465423584
0.10189490509033203 0.556075439453125 -1.5598399658203126 2.6054532527923584
0.16106657409667968 0.6416775512695313 -1.5598399658203126 0.4945536255836487
0.25574473571777345 0.8192227172851563 -1.5598399658203126 0.3920242190361023
0.5967140502929688 0.69887255859375 -1.5598399658203126 1.417318344116211
0.5327227172851563 0.7305128173828125 -1.5598399658203126 0.7659550309181213
0.013349943161010742 0.7935855712890625 -1.5598399658203126 9.667920112609863
0.014546147346496582 0.6628202514648438 -1.5598399658203126 1.8515605926513672
-0.030907445907592774 0.7365984497070313 -1.5598399658203126 2.412456750869751
0.6907418212890625 0.333072021484375 -1.5598399658203126 0.6031141877174377
-0.006709199905395508 0.6105401000976562 -1.5598399658203126 7.605269908905029
0.006328309059143066 0.5780589599609375 -1.5598399658203126 0.6694567799568176
0.06592039489746093 0.6381841430664063 -1.5598399658203126 1.8214048147201538
0.069663330078125 0.760336669921875 -1.5598399658203126 17.695369720458984
0.07510913848876953 0.7806607055664062 -1.5598399658203126 1.399224877357483
0.4525937194824219 0.46154595947265625 -1.5598399658203126 10.17453670501709
0.48259228515625 0.4758087158203125 -1.5598399658203126 0.31361937522888184
0.4972765808105469 -0.06439899444580079 -1.5598399658203126 0.7116747498512268
0.479467041015625 -0.06325040435791016 -1.5598399658203126 0.33774393796920776
0.5795591430664062 -0.298234619140625 -1.5598399658203126 18.316577911376953
0.5880001220703125 -0.30398236083984376 -1.5598399658203126 34.522254943847656
0.6022262573242188 -0.3075164794921875 -1.5598399658203126 342.1044616699219
0.8023190307617187 -0.2512153930664062 -1.5598399658203126 8.437567710876465
0.616408447265625 -0.5528770751953125 -1.5598399658203126 1.3147889375686646
0.6249166870117188 -0.6022619018554688 -1.5598399658203126 2.6838581562042236
0.5415467529296875 -0.5618056640625 -1.5598399658203126 0.37996193766593933
0.5719304809570313 0.335919677734375 -1.5598399658203126 1.3147889375686646
0.562694091796875 0.34201803588867186 -1.5598399658203126 0.5428027510643005
0.6505410766601563 -0.2902628784179688 -1.5598399658203126 1.682688593864441
0.6248629760742187 -0.37257177734375 -1.5598399658203126 8.901965141296387
0.25157077026367186 0.7225075073242188 -1.5598399658203126 0.43424221873283386
0.90751220703125 0.04671016693115235 -1.5598399658203126 1.1398857831954956
-0.08790391540527344 -0.733750732421875 -1.5598399658203126 0.8986401557922363
-0.362354736328125 -0.04059906768798828 -1.5598399658203126 2.135024309158325
2.59598779296875 -0.029100465774536132 3.0215 31.73828125
0.4483558349609375 1.625103271484375 3.021500244140625 25.20751953125
0.7341184692382813 -0.20059701538085936 3.0215 132.8125
1.85779833984375 1.1803798828125 3.021500244140625 35.82763671875
0.32376446533203124 0.8745200805664063 3.0215 68.2373046875
-0.8907490844726562 0.7966006469726562 3.0215 39.00146484375
1.8096612548828126 -1.48856103515625 3.021499755859375 26.06201171875
0.6712274169921875 -0.9913023681640625 3.021500244140625 35.94970703125
0.5167840576171875 0.24199948120117187 3.021500244140625 525.634765625
0.5915673217773437 0.8832033081054688 3.0215 19.47021484375
0.4968330078125 -0.6950949096679687 3.0215 4.638671875
-0.38088006591796875 0.5501372680664063 3.0215 49.13330078125
-0.07465488433837891 -0.10686309814453125 3.02150048828125 879.7607421875
0.2951968688964844 0.4225149230957031 3.0215 35.58349609375
-0.833671875 -0.17116986083984376 3.021499755859375 6.40869140625
0.7001716918945312 1.6369970703125 3.0215 12.75634765625
0.77274072265625 0.20705523681640625 3.0215 35.09521484375
-0.47602789306640625 -0.5416617431640625 3.0215 27.77099609375
0.4621578369140625 1.366166259765625 3.0215 6.28662109375
0.10860441589355468 0.7537938232421875 3.0215 10.009765625
-1.61805029296875 1.0158313598632813 3.0215 8.36181640625
0.2928681945800781 -0.08743787384033203 3.0215 84.47265625
-1.175503173828125 0.13696395874023437 3.0215 44.12841796875
-1.0766007080078126 0.5397467041015624 3.0215 18.4326171875
-1.2485518798828126 0.8025014038085938 3.0215 27.77099609375
1.100412109375 0.9160202026367188 3.0215 23.98681640625
1.0054043579101561 -0.5876426391601562 3.0215 587.2802734375
0.058698844909667966 -0.6054373779296875 3.0215 3.11279296875
1.2885205078125 -0.17238006591796876 3.0215 3.5400390625
0.96592578125 0.25881903076171875 3.0215 3.7841796875
-1.566286376953125 0.8226461791992188 3.0215 33.75244140625
1.57136328125 0.31751788330078123 3.0215 10.3759765625
-2.37460546875 -1.3609669189453124 3.0215 16.2353515625
0.22414385986328125 1.0953353271484374 3.0215 6.53076171875
0.22092529296875 -1.5972452392578125 3.0215 10.1318359375
-1.661020751953125 -0.7556520385742187 3.0215 8.97216796875
-0.15343319702148436 -0.9728609008789062 3.0215 11.474609375
1.238616943359375 -0.9600647583007812 3.021500244140625 13.671875
1.4955758056640625 -0.9451206665039062 3.0215 13.7939453125
-0.308724609375 -0.39330535888671875 3.0215 10.07080078125
0.0 0.0 0.0 181.72998046875
0.0 0.0 0.0 1.9471435546875
0.0 0.0 0.0 2.9110107421875
0.0 0.0 0.0 3.777099609375
0.0 0.0 0.0 15.135498046875
0.0 0.0 0.0 5.197265625
0.0 0.0 0.0 12.6412353515625
0.0 0.0 0.0 6.0223388671875
-1.9507222900390624 -1.12625 2.2275 6.223979949951172
-2.05072216796875 -0.953044921875 2.3275 9.235583305358887
0.77983984375 2.15072216796875 2.2275 3.0919125080108643
-2.05072216796875 0.953044921875 2.1275 2.0478901863098145
-1.4392254638671875 1.6614844970703124 2.088686279296875 32.244232177734375
-0.606634765625 2.25072216796875 2.1275 8.231715202331543